0.2046474 0.5068928
0.2229159 0.4990347
0.2411844 0.4911766
0.2594528 0.4833185
0.2777213 0.4754604
0.2959656 0.4674951
0.3139776 0.4584256
0.3321588 0.4496128
0.3505150 0.4410243
0.3688485 0.4323894
0.3871768 0.4237964
0.4055536 0.4154138
0.4240040 0.4071719
0.4426677 0.3991651
0.4613752 0.3912313
0.4801259 0.3833890
0.4987724 0.3752615
0.5173999 0.3670632
0.5356868 0.3585651
0.5540617 0.3506130
0.5725987 0.3431301
0.5905899 0.3346856
0.6080923 0.3254205
0.6256078 0.3162180
0.6425783 0.3066956
0.6593427 0.2969328
0.6759687 0.2869749
0.6925947 0.2770170
0.7092207 0.2670591
0.7258467 0.2571013

0.9722596 0.0626674
0.9398045 0.0726135
0.9072073 0.0823031
0.8745670 0.0922824
0.8421486 0.1019194
0.8097650 0.1104752
0.7773715 0.1196255
0.7450618 0.1287597
0.7128633 0.1365856
0.6804155 0.1456979
0.6478367 0.1544930
0.6157762 0.1663019
0.5843516 0.1797762
0.5531571 0.1934951
0.5222055 0.2075898
0.4909607 0.2213298
0.4599610 0.2356879
0.4284741 0.2489125
0.3968202 0.2615351
0.3647262 0.2731871
0.3329992 0.2858012
0.3019828 0.2997650
0.2708319 0.3134217
0.2399076 0.3274117
0.2110674 0.3449897
0.1817926 0.3621896
0.1521232 0.3789902
0.1204805 0.3908994
0.0892148 0.4029782
0.0612122 0.4188928

0.0116998 0.4697038
0.0448665 0.4560501
0.0780508 0.4424333
0.1113893 0.4294124
0.1441914 0.4155702
0.1764558 0.4005515
0.2098264 0.3881659
0.2431742 0.3754789
0.2743543 0.3608767
0.3074057 0.3484986
0.3401617 0.3352843
0.3737482 0.3238934
0.4076094 0.3119257
0.4415321 0.3000696
0.4752893 0.2876555
0.5088028 0.2746136
0.5414187 0.2595528
0.5733696 0.2430291
0.6055468 0.2273650
0.6375404 0.2114851
0.6699969 0.1964345
0.7012604 0.1995819
0.7337262 0.1848123
0.7665588 0.1711099
0.8004256 0.1591347
0.8332407 0.1446084
0.8655425 0.1289457
0.8987727 0.1158878
0.9335172 0.1079965
0.9680903 0.0985071

0.0467502 0.3339449
0.0754668 0.3159281
0.1055501 0.3023937
0.1355524 0.2885688
0.1652947 0.2724514
0.1945496 0.2551226
0.2252404 0.2431067
0.2559174 0.2311618
0.2830112 0.2119772
0.3142210 0.2004326
0.3458243 0.1900148
0.3782791 0.1913123
0.4108959 0.1921980
0.4431396 0.1899340
0.4744138 0.1785609
0.5057804 0.1652615
0.5381464 0.1546615
0.5705300 0.1442344
0.6024547 0.1378903
0.6345819 0.1308367
0.6669681 0.1208285
0.6969451 0.1233147
0.7261317 0.1226049
0.7556559 0.1061352
0.7821086 0.0858427
0.8062047 0.0620068
0.8314206 0.0428068
0.8569836 0.0253216
0.8689731 0.0163148
0.8764655 0.0094503

0.0332727 0.4497855
0.0555988 0.4350220
0.0775384 0.4191023
0.1005071 0.4004124
0.1248344 0.3802667
0.1522753 0.3600978
0.1834769 0.3426108
0.2150691 0.3255803
0.2472677 0.3094406
0.2803872 0.2945897
0.3136817 0.2807158
0.3477195 0.2686595
0.3817606 0.2571567
0.4154005 0.2460908
0.4490625 0.2357342
0.4829571 0.2257970
0.5170794 0.2141096
0.5513598 0.2021582
0.5852332 0.1882773
0.6197945 0.1765232
0.6549459 0.1667364
0.6904763 0.1585580
0.7256550 0.1488360
0.7608252 0.1391341
0.7963513 0.1319573
0.8319877 0.1258597
0.8677038 0.1209678
0.9034694 0.1166287
0.9391955 0.1113557
0.9747181 0.1043394

0.1777518 0.9604707
0.2086263 0.9461621
0.2389930 0.9280267
0.2688948 0.9089966
0.2931514 0.8838187
0.3110800 0.8540655
0.3198023 0.8209325
0.3154270 0.7852781
0.3085965 0.7501698
0.2980095 0.7161028
0.2828495 0.6834011
0.2708894 0.6491344
0.2606237 0.6143138
0.2508978 0.5796829
0.2381147 0.5457151
0.2248576 0.5121776
0.2115763 0.4786285
0.1961619 0.4460869
0.1834904 0.4122291
0.1726011 0.3775474
0.1611225 0.3430789
0.1476013 0.3093162
0.1338778 0.2755979
0.1194246 0.2426970
0.1043984 0.2111924
0.0948875 0.1771202
0.0893565 0.1568796
0.0891264 0.1292911
0.0975187 0.1008882
0.1112197 0.0725713

0.0432047 0.0180470
0.0561311 0.0515381
0.0663540 0.0860003
0.0789260 0.1195366
0.0934887 0.1522232
0.1045650 0.1853424
0.1188884 0.2183324
0.1308152 0.2511732
0.1434951 0.2837502
0.1585662 0.3163759
0.1731654 0.3491016
0.1865376 0.3824933
0.1948450 0.4175267
0.2034203 0.4524696
0.2141587 0.4868161
0.2263183 0.5206713
0.2404129 0.5535611
0.2555732 0.5859271
0.2685127 0.6194358
0.2798515 0.6535519
0.2925172 0.6870946
0.3064821 0.7200887
0.3205357 0.7530929
0.3331832 0.7867395
0.3459318 0.8204540
0.3575364 0.8545287
0.3687446 0.8887690
0.3849112 0.9204867
0.4048478 0.9493737
0.4253196 0.9765005

0.0472288 0.0304090
0.0498765 0.0646072
0.0542162 0.0985038
0.0667175 0.1305916
0.0821294 0.1623499
0.0959551 0.1948962
0.1093120 0.2275548
0.1205139 0.2610005
0.1334543 0.2939161
0.1463662 0.3267933
0.1605321 0.3590940
0.1760521 0.3907449
0.1919482 0.4217707
0.2006952 0.4557059
0.2080127 0.4901864
0.2172917 0.5243501
0.2273887 0.5582068
0.2362294 0.5921919
0.2447325 0.6261309
0.2526040 0.6602352
0.2654791 0.6925505
0.2816705 0.7239010
0.2966890 0.7558879
0.3103195 0.7885812
0.3219441 0.8216506
0.3349764 0.8543524
0.3504810 0.8861048
0.3621407 0.9194269
0.3742137 0.9527033
0.3887720 0.9847943

0.1044007 0.2813667
0.1300172 0.2655254
0.1559300 0.2517442
0.1825003 0.2404378
0.2099754 0.2326349
0.2377385 0.2270007
0.2664311 0.2236661
0.2960839 0.2199083
0.3271767 0.2195482
0.3584299 0.2210314
0.3896934 0.2227229
0.4209646 0.2246513
0.4521932 0.2262054
0.4833392 0.2270145
0.5142146 0.2252801
0.5449652 0.2221012
0.5756042 0.2191390
0.6056578 0.2147814
0.6357971 0.2106381
0.6663447 0.2069436
0.6971104 0.2037853
0.7279584 0.2012148
0.7592203 0.2005996
0.7898895 0.1992054
0.8200934 0.1974219
0.8503027 0.1954226
0.8803344 0.1952198
0.9104216 0.1948779
0.9407342 0.1954687
0.9716765 0.1991816

0.2162019 0.1101853
0.2357948 0.1346924
0.2545270 0.1628267
0.2681499 0.1791998
0.2880366 0.2046569
0.3074015 0.2241264
0.3286797 0.2492601
0.3535319 0.2742698
0.3786560 0.2940109
0.4039395 0.3144698
0.4266617 0.3387435
0.4425006 0.3718857
0.4574256 0.4055619
0.4746364 0.4368537
0.4785119 0.4666151
0.4860963 0.4855726
0.4969587 0.5204866
0.5089118 0.5533537
0.5183133 0.5848257
0.5193909 0.6171770
0.5190247 0.6486650
0.5216037 0.6798726
0.5259736 0.7103621
0.5326444 0.7422520
0.5400785 0.7747328
0.5505062 0.8098719
0.5641261 0.8445781
0.5747240 0.8800984
0.5819549 0.9163590
0.5891858 0.9526195

0.3898461 0.9763863
0.3781165 0.9416921
0.3676249 0.9065548
0.3596040 0.8707436
0.3512932 0.8356628
0.3444130 0.8003187
0.3351653 0.7647122
0.3240447 0.7296258
0.3111339 0.6951891
0.2955328 0.6620437
0.2761745 0.6320132
0.2599304 0.6011114
0.2453004 0.5686540
0.2326321 0.5346480
0.2196711 0.5006015
0.2048240 0.4676906
0.1869895 0.4368498
0.1705262 0.4046308
0.1595801 0.3704804
0.1457864 0.3395767
0.1323711 0.3064604
0.1247244 0.2714675
0.1149862 0.2386891
0.0994854 0.2059467
0.0857277 0.1719981
0.0727409 0.1379736
0.0610020 0.1039953
0.0484832 0.0695466
0.0343264 0.0358850
0.0185832 0.0030913

0.9468565 0.1251803
0.9152066 0.1349066
0.8840653 0.1456387
0.8528588 0.1563062
0.8221330 0.1691119
0.7910652 0.1810536
0.7590539 0.1902744
0.7271329 0.1997441
0.6956895 0.2106813
0.6650372 0.2233228
0.6340908 0.2352952
0.6036981 0.2485681
0.5738441 0.2635400
0.5441552 0.2787919
0.5133905 0.2916922
0.4821261 0.3030162
0.4508842 0.3144038
0.4188151 0.3236896
0.3864070 0.3314778
0.3536236 0.3376538
0.3213059 0.3459608
0.2890457 0.3544709
0.2566020 0.3618312
0.2242708 0.3699283
0.1920061 0.3785503
0.1596271 0.3868079
0.1273781 0.3955107
0.0953971 0.4051404
0.0634102 0.4147558
0.0314239 0.4243813

0.2997541 0.9476931
0.2971738 0.9188106
0.2911345 0.8885444
0.2825598 0.8566270
0.2732375 0.8246271
0.2630092 0.7929066
0.2519224 0.7618385
0.2414208 0.7299809
0.2304378 0.6987098
0.2191588 0.6674238
0.2082121 0.6357773
0.1959836 0.6044873
0.1839455 0.5730589
0.1730625 0.5412515
0.1633895 0.5090639
0.1536246 0.4767964
0.1453124 0.4442049
0.1367903 0.4116594
0.1282169 0.3790709
0.1202932 0.3463399
0.1129475 0.3134951
0.1055710 0.2806700
0.0985748 0.2478612
0.0907588 0.2151348
0.0829618 0.1823494
0.0747039 0.1496929
0.0668819 0.1169053
0.0592986 0.0841993
0.0506444 0.0524318
0.0396417 0.0231297

0.0834530 0.0290849
0.0880311 0.0601439
0.0938847 0.0915298
0.1016819 0.1234727
0.1092354 0.1554764
0.1153412 0.1872349
0.1198334 0.2178419
0.1283626 0.2491203
0.1438719 0.2754593
0.1588793 0.3036507
0.1745590 0.3304633
0.1874931 0.3579644
0.1962759 0.3893136
0.2073451 0.4207231
0.2178488 0.4524658
0.2265937 0.4846203
0.2345537 0.5169646
0.2383972 0.5500298
0.2421784 0.5831340
0.2461386 0.6161748
0.2512656 0.6489018
0.2526254 0.6820420
0.2513449 0.7152250
0.2482337 0.7484390
0.2445148 0.7815353
0.2396325 0.8139862
0.2321545 0.8447508
0.2261446 0.8748464
0.2195647 0.9057125
0.2064099 0.9348409

0.2702524 0.1308839
0.2756449 0.1484399
0.2810374 0.1659960
0.2864299 0.1835520
0.2918225 0.2011081
0.2974290 0.2186084
0.3036136 0.2359580
0.3097982 0.2533077
0.3159829 0.2706573
0.3221276 0.2880246
0.3282164 0.3054166
0.3343053 0.3228086
0.3403941 0.3402006
0.3477419 0.3570450
0.3556558 0.3736433
0.3635780 0.3902622
0.3715252 0.4069301
0.3813890 0.4218296
0.3934529 0.4348295
0.4055169 0.4478295
0.4175808 0.4608294
0.4296448 0.4738293
0.4415058 0.4869399
0.4532376 0.5001211
0.4649694 0.5133022
0.4768407 0.5261647
0.4896345 0.5369203
0.5024283 0.5476759
0.5152221 0.5584314
0.5280159 0.5691870

0.0327295 0.4402917
0.0681347 0.4410250
0.1004221 0.4381650
0.1354431 0.4430174
0.1731262 0.4427351
0.2108552 0.4426182
0.2474105 0.4395843
0.2815576 0.4313241
0.3135407 0.4149653
0.3460605 0.3972708
0.3787788 0.3805669
0.4111678 0.3639700
0.4453815 0.3523473
0.4787294 0.3368278
0.5107152 0.3196092
0.5454377 0.3093895
0.5813759 0.3026455
0.6162805 0.2924756
0.6462035 0.2733535
0.6702575 0.2459181
0.7016805 0.2322012
0.7312877 0.2155657
0.7574535 0.1902592
0.7815012 0.1619906
0.8074039 0.1362026
0.8385025 0.1187668
0.8698726 0.1009576
0.8970057 0.0745084
0.9260316 0.0526127
0.9580687 0.0379855

0.0727273 0.0825455
0.1025774 0.0818229
0.1324275 0.0811004
0.1622777 0.0803779
0.1921278 0.0796554
0.2219780 0.0789328
0.2518281 0.0782103
0.2816782 0.0774878
0.3115284 0.0767652
0.3413785 0.0760427
0.3712286 0.0753202
0.4010879 0.0743434
0.4309719 0.0726803
0.4608559 0.0710172
0.4907399 0.0693540
0.5206238 0.0676909
0.5505078 0.0660278
0.5803918 0.0643647
0.6103725 0.0635452
0.6404516 0.0635718
0.6705319 0.0635795
0.7006122 0.0635872
0.7306925 0.0635948
0.7607753 0.0637498
0.7908582 0.0639127
0.8209411 0.0640756
0.8510240 0.0642385
0.8811069 0.0644014
0.9111898 0.0645644
0.9412727 0.0647273

0.2389861 0.1897488
0.2506317 0.2014832
0.2622773 0.2132176
0.2739229 0.2249520
0.2855686 0.2366864
0.2972142 0.2484208
0.3088598 0.2601553
0.3228554 0.2698104
0.3368513 0.2794653
0.3508471 0.2891203
0.3648430 0.2987752
0.3788388 0.3084302
0.3928346 0.3180851
0.4068305 0.3277400
0.4208263 0.3373950
0.4348222 0.3470499
0.4488180 0.3567049
0.4628138 0.3663598
0.4768097 0.3760148
0.4908055 0.3856697
0.5048014 0.3953246
0.5187972 0.4049796
0.5327930 0.4146345
0.5467889 0.4242895
0.5607847 0.4339444
0.5747806 0.4435994
0.5887764 0.4532543
0.6020444 0.4638806
0.6153106 0.4745093
0.6285768 0.4851380

0.9747626 0.0027858
0.9427042 0.0109147
0.9106458 0.0190435
0.8785155 0.0269180
0.8463144 0.0345425
0.8141133 0.0421669
0.7819123 0.0497914
0.7497112 0.0574158
0.7175101 0.0650403
0.6853091 0.0726648
0.6531080 0.0802892
0.6209069 0.0879137
0.5887059 0.0955382
0.5565048 0.1031626
0.5243037 0.1107871
0.4921027 0.1184115
0.4599016 0.1260360
0.4277006 0.1336605
0.3954995 0.1412849
0.3632984 0.1489094
0.3310974 0.1565339
0.2988963 0.1641583
0.2666952 0.1717828
0.2344942 0.1794073
0.2022931 0.1870317
0.1700920 0.1946562
0.1378910 0.2022806
0.1056899 0.2099051
0.0734888 0.2175296
0.0412878 0.2251540

0.9665297 0.0336463
0.9351872 0.0402560
0.9038447 0.0468657
0.8725457 0.0535956
0.8415089 0.0616780
0.8104720 0.0697605
0.7794351 0.0778429
0.7483982 0.0859254
0.7173614 0.0940078
0.6863245 0.1020903
0.6552876 0.1101727
0.6242507 0.1182552
0.5932139 0.1263376
0.5621788 0.1344279
0.5311452 0.1425244
0.5001116 0.1506209
0.4690780 0.1587174
0.4380444 0.1668139
0.4070107 0.1749104
0.3758749 0.1826179
0.3446793 0.1900987
0.3134838 0.1975795
0.2822883 0.2050603
0.2510928 0.2125411
0.2198973 0.2200219
0.1887018 0.2275027
0.1575063 0.2349835
0.1263108 0.2424643
0.0951153 0.2499451
0.0639197 0.2574259

0.1265207 0.0846154
0.1232824 0.1138207
0.1200441 0.1430261
0.1168058 0.1722314
0.1135676 0.2014368
0.1103293 0.2306421
0.1070910 0.2598475
0.1038527 0.2890528
0.1006144 0.3182582
0.0973761 0.3474635
0.0941379 0.3766689
0.0908996 0.4058742
0.0876613 0.4350796
0.0844230 0.4642849
0.0811847 0.4934903
0.0779464 0.5226956
0.0747081 0.5519010
0.0714699 0.5811063
0.0682316 0.6103117
0.0649933 0.6395170
0.0617550 0.6687224
0.0585167 0.6979277
0.0552784 0.7271331
0.0520401 0.7563384
0.0488019 0.7855438
0.0455636 0.8147491
0.0423253 0.8439545
0.0390870 0.8731598
0.0358487 0.9023652
0.0326104 0.9315705

0.1090704 0.0130704
0.1369360 0.0198970
0.1648015 0.0267236
0.1926670 0.0335502
0.2205325 0.0403768
0.2483980 0.0472034
0.2762635 0.0540300
0.3041291 0.0608566
0.3319946 0.0676832
0.3598601 0.0745098
0.3877256 0.0813364
0.4155911 0.0881630
0.4434566 0.0949895
0.4713222 0.1018161
0.4991877 0.1086427
0.5270446 0.1154992
0.5548670 0.1224745
0.5826894 0.1294498
0.6105119 0.1364251
0.6383343 0.1434003
0.6661567 0.1503756
0.6939792 0.1573509
0.7218016 0.1643262
0.7496241 0.1713015
0.7774465 0.1782768
0.8052689 0.1852521
0.8332438 0.1914041
0.8612987 0.1971239
0.8893536 0.2028436
0.9174084 0.2085634

0.9700521 0.2823661
0.9389776 0.2726638
0.9079031 0.2629616
0.8768287 0.2532593
0.8457542 0.2435570
0.8146797 0.2338548
0.7836052 0.2241525
0.7525302 0.2144522
0.7214224 0.2048698
0.6903146 0.1952873
0.6592068 0.1857049
0.6280990 0.1761224
0.5969912 0.1665400
0.5658834 0.1569575
0.5347756 0.1473751
0.5036678 0.1377926
0.4725600 0.1282102
0.4414522 0.1186277
0.4103444 0.1090453
0.3792366 0.0994629
0.3481288 0.0898804
0.3170210 0.0802980
0.2859132 0.0707155
0.2548054 0.0611331
0.2236907 0.0515776
0.1924942 0.0423409
0.1612978 0.0331043
0.1301013 0.0238676
0.0989048 0.0146310
0.0677083 0.0053943

0.2151163 0.8729875
0.2119119 0.8488917
0.2087076 0.8247958
0.2055033 0.8007000
0.2022990 0.7766042
0.1990946 0.7525084
0.1958903 0.7284126
0.1926860 0.7043167
0.1894816 0.6802209
0.1862773 0.6561251
0.1830730 0.6320293
0.1798687 0.6079335
0.1766643 0.5838377
0.1734600 0.5597418
0.1702557 0.5356460
0.1670513 0.5115502
0.1638470 0.4874544
0.1606427 0.4633586
0.1574383 0.4392628
0.1542340 0.4151669
0.1510297 0.3910711
0.1478254 0.3669753
0.1446210 0.3428795
0.1414167 0.3187837
0.1382124 0.2946879
0.1350080 0.2705920
0.1318037 0.2464962
0.1285994 0.2224004
0.1271422 0.1986558
0.1276834 0.1753131

0.7844798 0.1256443
0.7674574 0.1232471
0.7504351 0.1208499
0.7334127 0.1184527
0.7163904 0.1160555
0.6993680 0.1136583
0.6823456 0.1112611
0.6653233 0.1088639
0.6483009 0.1064667
0.6312786 0.1040695
0.6142562 0.1016723
0.5972339 0.0992751
0.5802115 0.0968779
0.5631892 0.0944807
0.5461668 0.0920835
0.5291444 0.0896863
0.5121221 0.0872891
0.4950997 0.0848919
0.4780774 0.0824947
0.4610550 0.0800974
0.4440327 0.0777002
0.4270103 0.0753030
0.4099880 0.0729058
0.3929656 0.0705086
0.3759433 0.0681114
0.3589209 0.0657142
0.3418986 0.0633170
0.3248762 0.0609198
0.3078538 0.0585226
0.2908315 0.0561254

0.0385356 0.7215695
0.0697615 0.6977790
0.1009873 0.6739886
0.1322132 0.6501982
0.1634390 0.6264078
0.1946648 0.6026174
0.2258907 0.5788270
0.2571165 0.5550366
0.2883424 0.5312461
0.3195682 0.5074557
0.3507940 0.4836653
0.3820199 0.4598749
0.4132457 0.4360845
0.4444716 0.4122941
0.4756974 0.3885036
0.5068823 0.3646594
0.5380463 0.3407879
0.5691371 0.3168220
0.6001062 0.2926975
0.6310754 0.2685730
0.6620445 0.2444485
0.6930136 0.2203240
0.7239828 0.1961995
0.7549519 0.1720750
0.7859210 0.1479505
0.8168902 0.1238261
0.8478593 0.0997016
0.8788284 0.0755771
0.9097976 0.0514526
0.9407667 0.0273281

0.8518207 0.3516116
0.8241535 0.3458779
0.7964862 0.3401443
0.7688189 0.3344107
0.7411516 0.3286770
0.7135884 0.3224048
0.6861224 0.3156294
0.6586564 0.3088541
0.6311904 0.3020787
0.6037244 0.2953034
0.5762584 0.2885280
0.5487925 0.2817527
0.5213265 0.2749773
0.4938605 0.2682020
0.4663945 0.2614267
0.4389285 0.2546513
0.4114625 0.2478760
0.3839965 0.2411006
0.3565305 0.2343253
0.3290645 0.2275499
0.3015985 0.2207746
0.2741325 0.2139992
0.2466665 0.2072239
0.2192005 0.2004485
0.1917346 0.1936732
0.1642686 0.1868978
0.1368026 0.1801225
0.1093366 0.1733472
0.0818706 0.1665718
0.0544046 0.1597965

0.4677584 0.9406346
0.4535335 0.9114566
0.4393086 0.8822787
0.4250836 0.8531007
0.4108587 0.8239228
0.3966337 0.7947448
0.3824088 0.7655669
0.3681838 0.7363889
0.3539589 0.7072109
0.3397340 0.6780330
0.3255090 0.6488550
0.3112841 0.6196770
0.2970591 0.5904991
0.2828342 0.5613211
0.2686092 0.5321432
0.2543843 0.5029652
0.2401593 0.4737873
0.2259344 0.4446093
0.2117095 0.4154314
0.1971138 0.3864876
0.1821107 0.3578013
0.1671076 0.3291150
0.1521045 0.3004287
0.1371014 0.2717425
0.1220984 0.2430562
0.1070953 0.2143699
0.0920922 0.1856836
0.0770891 0.1569973
0.0620860 0.1283110
0.0470829 0.0996247

0.1355964 0.3005008
0.1634493 0.2914267
0.1913021 0.2823526
0.2191550 0.2732785
0.2470079 0.2642043
0.2748608 0.2551302
0.3027137 0.2460561
0.3305666 0.2369819
0.3584195 0.2279078
0.3862724 0.2188337
0.4141252 0.2097596
0.4419667 0.2006513
0.4698062 0.1915370
0.4976457 0.1824227
0.5254852 0.1733084
0.5533246 0.1641942
0.5811641 0.1550799
0.6090036 0.1459656
0.6368431 0.1368514
0.6646826 0.1277371
0.6925221 0.1186228
0.7203616 0.1095086
0.7482011 0.1003943
0.7760405 0.0912800
0.8038800 0.0821657
0.8313887 0.0722406
0.8587947 0.0620640
0.8862007 0.0518873
0.9136068 0.0417107
0.9410128 0.0315340

0.8475966 0.0409928
0.8215338 0.0483251
0.7954710 0.0556574
0.7694082 0.0629897
0.7433454 0.0703220
0.7172827 0.0776543
0.6912199 0.0849866
0.6651571 0.0923190
0.6390943 0.0996513
0.6130315 0.1069836
0.5869687 0.1143159
0.5609059 0.1216482
0.5348431 0.1289805
0.5087803 0.1363128
0.4827175 0.1436451
0.4566548 0.1509774
0.4305920 0.1583097
0.4045292 0.1656420
0.3784664 0.1729743
0.3524036 0.1803066
0.3263408 0.1876389
0.3002780 0.1949712
0.2741952 0.2022383
0.2480844 0.2094144
0.2219736 0.2165905
0.1958628 0.2237665
0.1697520 0.2309426
0.1436412 0.2381187
0.1175304 0.2452947
0.0914196 0.2524708

0.1279863 0.2721699
0.1516672 0.2655961
0.1753480 0.2590223
0.1990289 0.2524485
0.2227097 0.2458746
0.2463906 0.2393008
0.2700714 0.2327270
0.2937522 0.2261532
0.3174331 0.2195793
0.3411139 0.2130055
0.3647948 0.2064317
0.3884756 0.1998578
0.4121565 0.1932840
0.4358373 0.1867102
0.4595181 0.1801364
0.4831990 0.1735625
0.5068798 0.1669887
0.5305607 0.1604149
0.5542415 0.1538411
0.5779224 0.1472673
0.6016032 0.1406934
0.6252840 0.1341196
0.6489649 0.1275458
0.6726800 0.1210827
0.6964376 0.1147571
0.7201952 0.1084316
0.7439528 0.1021060
0.7677104 0.0957805
0.7914680 0.0894549
0.8152256 0.0831293

0.9023837 0.0408627
0.8751974 0.0483411
0.8480111 0.0558195
0.8208248 0.0632980
0.7935723 0.0704858
0.7662070 0.0769600
0.7389113 0.0840399
0.7116156 0.0911199
0.6843200 0.0981999
0.6570243 0.1052798
0.6297287 0.1123598
0.6023841 0.1192484
0.5750297 0.1260982
0.5476753 0.1329479
0.5203261 0.1398159
0.4930150 0.1468167
0.4657215 0.1538982
0.4384304 0.1609900
0.4111209 0.1680090
0.3837795 0.1749022
0.3564410 0.1818068
0.3290609 0.1885644
0.3016708 0.1952861
0.2742807 0.2020078
0.2468905 0.2087296
0.2195004 0.2154513
0.1921103 0.2221730
0.1647202 0.2288948
0.1373301 0.2356165
0.1099400 0.2423383

0.8500116 0.0814156
0.8259901 0.0881422
0.8019677 0.0948658
0.7779446 0.1015870
0.7539215 0.1083082
0.7298983 0.1150293
0.7058752 0.1217505
0.6818521 0.1284717
0.6578267 0.1351851
0.6337961 0.1418807
0.6097544 0.1485356
0.5857127 0.1551905
0.5616710 0.1618454
0.5376293 0.1685003
0.5135876 0.1751553
0.4895448 0.1818053
0.4654737 0.1883346
0.4414201 0.1949259
0.4173203 0.2013461
0.3932100 0.2077276
0.3690996 0.2141090
0.3449893 0.2204904
0.3208790 0.2268718
0.2967687 0.2332532
0.2726584 0.2396346
0.2485376 0.2459566
0.2243797 0.2520668
0.2002218 0.2581770
0.1760640 0.2642873
0.1519061 0.2703975

0.5070903 0.1799921
0.5038847 0.1803724
0.5006791 0.1807527
0.4974735 0.1811331
0.4942680 0.1815134
0.4910624 0.1818937
0.4878568 0.1822740
0.4846512 0.1826544
0.4814456 0.1830347
0.4782400 0.1834150
0.4750344 0.1837953
0.4718288 0.1841757
0.4686232 0.1845560
0.4654176 0.1849363
0.4622120 0.1853166
0.4590064 0.1856970
0.4558009 0.1860773
0.4525953 0.1864576
0.4493897 0.1868379
0.4461841 0.1872183
0.4429785 0.1875986
0.4397729 0.1879789
0.4365673 0.1883592
0.4333617 0.1887396
0.4301561 0.1891199
0.4269505 0.1895002
0.4237449 0.1898805
0.4205393 0.1902609
0.4173338 0.1906412
0.4141282 0.1910215

0.0982518 0.1428649
0.1116748 0.1688196
0.1250978 0.1947743
0.1385209 0.2207290
0.1519439 0.2466837
0.1653669 0.2726384
0.1787899 0.2985931
0.1922129 0.3245478
0.2056359 0.3505025
0.2190589 0.3764571
0.2324819 0.4024118
0.2459049 0.4283665
0.2593279 0.4543212
0.2727509 0.4802759
0.2861739 0.5062306
0.2995969 0.5321853
0.3122218 0.5585064
0.3247068 0.5848916
0.3371918 0.6112768
0.3496768 0.6376621
0.3621618 0.6640473
0.3746469 0.6904325
0.3871319 0.7168177
0.3996169 0.7432030
0.4122752 0.7694847
0.4257511 0.7952777
0.4392270 0.8210708
0.4527029 0.8468638
0.4661788 0.8726569
0.4796547 0.8984500

0.0160323 0.9598540
0.0187694 0.9281595
0.0215064 0.8964650
0.0242434 0.8647705
0.0269805 0.8330760
0.0297175 0.8013815
0.0324546 0.7696870
0.0351916 0.7379924
0.0379286 0.7062979
0.0406657 0.6746034
0.0434027 0.6429089
0.0461397 0.6112144
0.0488768 0.5795199
0.0516138 0.5478254
0.0543509 0.5161308
0.0570879 0.4844363
0.0598249 0.4527418
0.0625620 0.4210473
0.0652990 0.3893528
0.0680360 0.3576583
0.0707731 0.3259638
0.0735101 0.2942692
0.0762472 0.2625747
0.0789842 0.2308802
0.0817212 0.1991857
0.0844583 0.1674912
0.0894473 0.1366980
0.0972575 0.1070340
0.1050678 0.0773700
0.1128780 0.0477060

0.6968912 0.8570812
0.6900498 0.8469830
0.6770070 0.8271467
0.6635251 0.8066208
0.6500432 0.7860950
0.6365613 0.7655691
0.6230794 0.7450433
0.6095974 0.7245174
0.5961155 0.7039915
0.5826336 0.6834657
0.5691517 0.6629398
0.5556698 0.6424140
0.5421878 0.6218881
0.5287059 0.6013623
0.5152240 0.5808364
0.5017421 0.5603106
0.4882602 0.5397847
0.4747783 0.5192588
0.4612963 0.4987330
0.4478144 0.4782071
0.4343325 0.4576813
0.4208506 0.4371554
0.4073687 0.4166296
0.3938867 0.3961037
0.3804048 0.3755779
0.3669229 0.3550520
0.3534410 0.3345262
0.3399591 0.3140003
0.3264772 0.2934745
0.3164940 0.2819516

0.2976996 0.9204846
0.2897481 0.8913150
0.2824130 0.8615426
0.2741925 0.8328459
0.2668077 0.8030849
0.2594228 0.7733239
0.2520380 0.7435629
0.2446531 0.7138020
0.2372683 0.6840410
0.2298834 0.6542800
0.2224986 0.6245190
0.2151137 0.5947580
0.2077289 0.5649970
0.2003440 0.5352360
0.1929592 0.5054751
0.1855743 0.4757141
0.1781895 0.4459531
0.1709497 0.4161646
0.1641893 0.3862848
0.1574289 0.3564050
0.1506686 0.3265252
0.1439082 0.2966454
0.1371479 0.2667656
0.1303875 0.2368857
0.1236272 0.2070059
0.1168668 0.1771261
0.1101064 0.1472463
0.1033461 0.1173665
0.0965857 0.0874866
0.0898254 0.0576068

0.0850074 0.9516369
0.0921529 0.9208039
0.0992983 0.8899708
0.1064437 0.8591377
0.1135891 0.8283046
0.1207346 0.7974715
0.1278800 0.7666385
0.1350254 0.7358054
0.1421708 0.7049723
0.1493162 0.6741392
0.1564617 0.6433062
0.1636071 0.6124731
0.1707525 0.5816400
0.1778979 0.5508069
0.1850434 0.5199738
0.1921888 0.4891408
0.1993342 0.4583077
0.2064796 0.4274746
0.2136250 0.3966415
0.2207705 0.3658085
0.2279159 0.3349754
0.2350613 0.3041423
0.2422067 0.2733092
0.2493522 0.2424762
0.2564976 0.2116431
0.2636430 0.1808100
0.2707884 0.1499769
0.2779339 0.1191438
0.2850793 0.0883108
0.2922247 0.0574777

0.0318799 0.1722659
0.0464467 0.1990330
0.0636283 0.2250368
0.0808099 0.2510406
0.0979915 0.2770443
0.1151731 0.3030481
0.1323547 0.3290519
0.1495362 0.3550557
0.1667178 0.3810595
0.1838994 0.4070633
0.2010810 0.4330671
0.2182626 0.4590709
0.2354442 0.4850747
0.2526258 0.5110785
0.2698074 0.5370823
0.2868981 0.5631461
0.3039833 0.5892136
0.3210684 0.6152812
0.3381536 0.6413487
0.3552387 0.6674162
0.3723238 0.6934837
0.3894090 0.7195513
0.4064941 0.7456188
0.4235792 0.7716863
0.4406644 0.7977539
0.4577495 0.8238214
0.4748347 0.8498889
0.4919198 0.8759565
0.5090049 0.9020240
0.5260901 0.9280915

0.0639148 0.0671373
0.0932822 0.0663271
0.1226497 0.0655169
0.1520171 0.0647067
0.1813846 0.0638965
0.2107520 0.0630863
0.2401195 0.0622761
0.2694869 0.0614659
0.2988544 0.0606557
0.3282218 0.0598454
0.3575892 0.0590352
0.3869567 0.0582250
0.4163241 0.0574148
0.4456916 0.0566046
0.4750590 0.0557944
0.5044264 0.0549842
0.5337939 0.0541740
0.5631613 0.0533638
0.5925288 0.0525535
0.6218962 0.0517433
0.6512636 0.0509331
0.6806311 0.0501229
0.7099985 0.0493127
0.7393660 0.0485025
0.7687334 0.0476923
0.7981009 0.0468821
0.8274683 0.0460719
0.8568358 0.0452617
0.8862032 0.0444514
0.9155706 0.0436412

0.0804261 0.8878828
0.0788053 0.8615501
0.0771844 0.8352174
0.0755636 0.8088847
0.0739428 0.7825520
0.0723220 0.7562193
0.0707011 0.7298866
0.0690803 0.7035539
0.0674595 0.6772212
0.0658387 0.6508885
0.0642178 0.6245558
0.0625970 0.5982231
0.0609762 0.5718904
0.0593553 0.5455576
0.0577345 0.5192249
0.0561137 0.4928922
0.0544929 0.4665595
0.0528720 0.4402268
0.0512512 0.4138941
0.0496304 0.3875614
0.0480095 0.3612287
0.0463887 0.3348960
0.0447679 0.3085633
0.0431471 0.2822306
0.0415262 0.2558979
0.0399054 0.2295652
0.0382846 0.2032325
0.0366638 0.1768998
0.0350429 0.1505671
0.0334221 0.1242344

0.1556187 0.3573232
0.1606390 0.3738517
0.1639806 0.3893058
0.1664416 0.4041963
0.1689027 0.4190869
0.1713638 0.4339775
0.1738248 0.4488680
0.1762859 0.4637586
0.1787470 0.4786492
0.1812080 0.4935397
0.1836691 0.5084303
0.1861301 0.5233209
0.1885912 0.5382114
0.1910523 0.5531020
0.1935133 0.5679926
0.1959744 0.5828831
0.1984355 0.5977737
0.2008965 0.6126642
0.2033576 0.6275548
0.2058186 0.6424454
0.2082797 0.6573359
0.2107408 0.6722265
0.2132018 0.6871171
0.2156629 0.7020076
0.2181240 0.7168982
0.2205850 0.7317888
0.2230461 0.7466793
0.2255072 0.7615699
0.2279682 0.7764604
0.2304293 0.7913510

0.9524147 0.0115970
0.9213135 0.0305729
0.8902124 0.0495488
0.8591112 0.0685248
0.8280100 0.0875007
0.7969089 0.1064766
0.7658077 0.1254525
0.7347066 0.1444285
0.7036054 0.1634044
0.6725042 0.1823803
0.6414030 0.2013563
0.6103019 0.2203322
0.5792007 0.2393081
0.5480996 0.2582840
0.5169984 0.2772600
0.4858972 0.2962359
0.4547610 0.3151501
0.4232165 0.3333464
0.3916967 0.3515799
0.3602454 0.3699160
0.3287941 0.3882521
0.2973428 0.4065882
0.2658915 0.4249243
0.2344402 0.4432605
0.2029889 0.4615966
0.1715376 0.4799327
0.1400863 0.4982688
0.1086350 0.5166049
0.0771837 0.5349410
0.0457324 0.5532772

0.0563896 0.0908806
0.0858935 0.1025220
0.1153974 0.1141634
0.1449013 0.1258048
0.1744052 0.1374462
0.2039091 0.1490876
0.2334131 0.1607290
0.2629169 0.1723704
0.2924209 0.1840118
0.3219248 0.1956532
0.3514287 0.2072946
0.3809326 0.2189360
0.4104365 0.2305774
0.4399404 0.2422188
0.4694443 0.2538602
0.4989722 0.2654299
0.5285448 0.2768665
0.5581174 0.2883031
0.5876899 0.2997398
0.6172625 0.3111764
0.6468350 0.3226130
0.6764076 0.3340497
0.7059801 0.3454863
0.7355527 0.3569229
0.7651253 0.3683596
0.7946978 0.3797962
0.8242704 0.3912329
0.8538429 0.4026695
0.8834155 0.4141061
0.9129880 0.4255428

0.7894244 0.9051495
0.7677272 0.8740582
0.7460300 0.8429668
0.7243329 0.8118755
0.7026357 0.7807842
0.6809385 0.7496928
0.6592413 0.7186015
0.6375441 0.6875101
0.6158470 0.6564188
0.5941498 0.6253274
0.5724526 0.5942361
0.5507554 0.5631447
0.5290583 0.5320534
0.5073611 0.5009621
0.4843893 0.4708226
0.4602857 0.4414895
0.4357542 0.4124876
0.4110728 0.3836017
0.3863915 0.3547158
0.3617101 0.3258299
0.3370287 0.2969441
0.3123473 0.2680582
0.2876659 0.2391723
0.2629846 0.2102864
0.2383032 0.1814005
0.2136218 0.1525146
0.1889404 0.1236288
0.1642590 0.0947429
0.1395777 0.0658570
0.1148963 0.0369711

0.0905970 0.0791058
0.1185719 0.0821753
0.1465469 0.0852448
0.1745218 0.0883143
0.2024968 0.0913838
0.2304717 0.0944533
0.2584467 0.0975228
0.2864216 0.1005923
0.3143966 0.1036618
0.3423715 0.1067314
0.3703465 0.1098009
0.3983214 0.1128704
0.4262964 0.1159399
0.4542713 0.1190094
0.4822463 0.1220789
0.5102212 0.1251484
0.5381961 0.1282179
0.5661711 0.1312874
0.5941460 0.1343569
0.6221210 0.1374264
0.6500959 0.1404959
0.6780709 0.1435654
0.7060458 0.1466349
0.7340208 0.1497044
0.7619957 0.1527739
0.7899707 0.1558434
0.8179456 0.1589129
0.8459206 0.1619825
0.8738955 0.1650520
0.9018704 0.1681215

0.9526399 0.2508302
0.9213957 0.2457918
0.8901515 0.2407534
0.8589072 0.2357150
0.8276630 0.2306766
0.7964188 0.2256382
0.7651746 0.2205997
0.7339304 0.2155613
0.7026862 0.2105229
0.6714419 0.2054845
0.6401977 0.2004461
0.6089535 0.1954077
0.5777093 0.1903693
0.5464651 0.1853309
0.5152208 0.1802924
0.4839766 0.1752540
0.4527324 0.1702156
0.4214882 0.1651772
0.3902440 0.1601388
0.3589997 0.1551004
0.3277555 0.1500620
0.2965113 0.1450235
0.2652671 0.1399851
0.2340229 0.1349467
0.2027786 0.1299083
0.1715344 0.1248699
0.1402902 0.1198315
0.1090460 0.1147931
0.0778018 0.1097546
0.0465575 0.1047162

0.0791630 0.0045656
0.1085997 0.0156668
0.1380364 0.0267679
0.1674731 0.0378691
0.1969098 0.0489702
0.2263465 0.0600714
0.2557832 0.0711726
0.2852199 0.0822737
0.3146567 0.0933749
0.3440934 0.1044761
0.3735301 0.1155772
0.4029668 0.1266784
0.4324035 0.1377795
0.4618402 0.1488807
0.4912769 0.1599819
0.5207136 0.1710830
0.5508148 0.1804350
0.5810883 0.1893338
0.6113617 0.1982325
0.6416278 0.2071581
0.6718124 0.2163817
0.7019971 0.2256052
0.7321818 0.2348288
0.7623665 0.2440523
0.7925511 0.2532759
0.8227358 0.2624994
0.8529204 0.2717230
0.8831051 0.2809465
0.9132898 0.2901701
0.9434745 0.2993936

0.0172649 0.0511024
0.0366544 0.0819315
0.0560439 0.1127606
0.0754334 0.1435897
0.0948229 0.1744188
0.1142124 0.2052479
0.1336018 0.2360770
0.1529913 0.2669061
0.1723808 0.2977351
0.1917703 0.3285642
0.2111598 0.3593933
0.2305493 0.3902224
0.2499387 0.4210515
0.2693282 0.4518806
0.2887177 0.4827097
0.3080971 0.5135451
0.3273101 0.5444834
0.3465230 0.5754216
0.3657360 0.6063599
0.3849490 0.6372982
0.4041620 0.6682365
0.4233750 0.6991748
0.4425880 0.7301131
0.4618010 0.7610514
0.4810140 0.7919897
0.5002270 0.8229279
0.5194400 0.8538662
0.5386530 0.8848045
0.5578660 0.9157428
0.5770790 0.9466811

0.9277949 0.0161218
0.8975499 0.0335096
0.8673048 0.0508974
0.8370598 0.0682851
0.8068148 0.0856729
0.7765698 0.1030607
0.7463248 0.1204484
0.7160798 0.1378362
0.6858348 0.1552240
0.6555897 0.1726118
0.6253447 0.1899996
0.5950997 0.2073873
0.5648547 0.2247751
0.5346097 0.2421629
0.5043647 0.2595507
0.4741197 0.2769384
0.4438746 0.2943262
0.4136296 0.3117140
0.3833846 0.3291017
0.3531396 0.3464895
0.3228946 0.3638773
0.2926496 0.3812651
0.2624046 0.3986529
0.2321595 0.4160406
0.2019145 0.4334284
0.1716695 0.4508162
0.1414245 0.4682040
0.1111795 0.4855917
0.0809345 0.5029795
0.0506895 0.5203673

0.0000000 0.0000000
0.0219180 0.0300830
0.0438360 0.0601661
0.0657541 0.0902491
0.0876721 0.1203321
0.1095901 0.1504152
0.1315081 0.1804982
0.1534261 0.2105812
0.1753441 0.2406643
0.1972622 0.2707473
0.2191802 0.3008303
0.2410982 0.3309134
0.2630162 0.3609964
0.2849342 0.3910794
0.3068523 0.4211625
0.3287703 0.4512455
0.3506883 0.4813285
0.3726063 0.5114116
0.3945243 0.5414946
0.4164424 0.5715776
0.4383604 0.6016606
0.4602784 0.6317437
0.4821964 0.6618267
0.5041144 0.6919098
0.5260324 0.7219928
0.5479505 0.7520758
0.5698685 0.7821589
0.5917865 0.8122419
0.6137045 0.8423249
0.6356225 0.8724080

0.3853794 0.0271768
0.3761262 0.0590460
0.3668730 0.0909152
0.3576198 0.1227845
0.3483665 0.1546537
0.3391133 0.1865229
0.3298601 0.2183922
0.3206069 0.2502614
0.3113537 0.2821306
0.3021005 0.3139999
0.2928473 0.3458691
0.2835941 0.3777383
0.2743408 0.4096076
0.2650876 0.4414768
0.2558344 0.4733461
0.2465812 0.5052153
0.2373280 0.5370845
0.2280748 0.5689538
0.2188216 0.6008230
0.2095683 0.6326922
0.2003151 0.6645615
0.1910619 0.6964307
0.1818087 0.7282999
0.1725555 0.7601692
0.1633023 0.7920384
0.1540491 0.8239076
0.1447958 0.8557769
0.1355426 0.8876461
0.1262894 0.9195154
0.1170362 0.9513846

0.5650842 0.8875666
0.5467173 0.8589918
0.5283504 0.8304170
0.5099834 0.8018422
0.4916165 0.7732674
0.4732496 0.7446926
0.4548827 0.7161178
0.4365157 0.6875429
0.4181488 0.6589682
0.3997819 0.6303934
0.3814149 0.6018185
0.3630480 0.5732437
0.3446811 0.5446689
0.3263142 0.5160941
0.3079472 0.4875193
0.2895803 0.4589445
0.2712134 0.4303697
0.2528464 0.4017949
0.2344795 0.3732201
0.2161126 0.3446453
0.1977457 0.3160705
0.1793787 0.2874957
0.1610118 0.2589209
0.1426449 0.2303461
0.1242779 0.2017713
0.1059110 0.1731965
0.0875441 0.1446217
0.0691772 0.1160468
0.0508102 0.0874720
0.0324433 0.0588972

0.6389017 0.9865524
0.6175670 0.9548359
0.5962322 0.9231195
0.5748975 0.8914030
0.5535628 0.8596866
0.5322281 0.8279701
0.5108934 0.7962537
0.4895587 0.7645372
0.4682240 0.7328207
0.4468892 0.7011043
0.4255545 0.6693878
0.4042198 0.6376714
0.3828851 0.6059549
0.3614512 0.5742998
0.3395652 0.5429245
0.3176791 0.5115491
0.2957930 0.4801737
0.2738563 0.4488315
0.2519253 0.4174851
0.2308543 0.3855873
0.2101648 0.3534261
0.1894754 0.3212649
0.1690046 0.2889566
0.1486481 0.2565713
0.1282916 0.2241860
0.1079351 0.1918007
0.0875786 0.1594154
0.0672221 0.1270302
0.0468656 0.0946449
0.0265091 0.0622596

0.0633125 0.0425060
0.0857840 0.0744957
0.1082555 0.1064854
0.1307269 0.1384752
0.1531984 0.1704649
0.1756699 0.2024546
0.1981413 0.2344443
0.2206128 0.2664341
0.2430843 0.2984238
0.2655557 0.3304135
0.2880272 0.3624032
0.3104987 0.3943929
0.3329701 0.4263827
0.3554416 0.4583724
0.3779131 0.4903621
0.3995500 0.5229596
0.4210886 0.5556287
0.4426272 0.5882979
0.4641657 0.6209670
0.4857043 0.6536361
0.5072429 0.6863052
0.5287815 0.7189743
0.5503201 0.7516434
0.5718587 0.7843125
0.5933973 0.8169817
0.6149359 0.8496508
0.6364745 0.8823199
0.6580131 0.9149890
0.6795517 0.9476581
0.7010902 0.9803272

0.0232359 0.0489908
0.0445973 0.0813943
0.0659587 0.1137978
0.0873201 0.1462013
0.1086815 0.1786049
0.1300429 0.2110084
0.1514043 0.2434119
0.1727657 0.2758154
0.1941271 0.3082189
0.2154886 0.3406224
0.2368500 0.3730259
0.2582148 0.4054272
0.2795818 0.4378272
0.3009488 0.4702271
0.3224732 0.5025198
0.3447078 0.5343255
0.3669881 0.5660995
0.3892684 0.5978735
0.4117877 0.6294797
0.4345221 0.6609345
0.4572566 0.6923894
0.4799910 0.7238443
0.5027255 0.7552993
0.5254599 0.7867542
0.5481944 0.8182090
0.5709288 0.8496639
0.5936633 0.8811188
0.6163977 0.9125737
0.6391322 0.9440286
0.6618666 0.9754835

0.0227082 0.9276068
0.0245108 0.8972605
0.0263133 0.8669142
0.0281159 0.8365679
0.0299185 0.8062216
0.0317210 0.7758753
0.0335236 0.7455290
0.0353261 0.7151828
0.0371287 0.6848365
0.0389313 0.6544902
0.0407338 0.6241439
0.0425364 0.5937976
0.0443389 0.5634513
0.0461415 0.5331050
0.0479440 0.5027587
0.0497466 0.4724124
0.0515492 0.4420661
0.0533517 0.4117198
0.0551543 0.3813736
0.0569568 0.3510273
0.0587594 0.3206810
0.0605620 0.2903347
0.0623645 0.2599884
0.0641671 0.2296421
0.0659696 0.1992958
0.0677722 0.1689495
0.0695747 0.1386032
0.0713773 0.1082569
0.0731799 0.0779107
0.0749824 0.0475644

0.0798315 0.4120601
0.1099382 0.3978511
0.1400449 0.3836422
0.1701516 0.3694332
0.2002583 0.3552243
0.2303651 0.3410153
0.2604718 0.3268063
0.2905785 0.3125973
0.3206852 0.2983884
0.3507919 0.2841794
0.3808986 0.2699704
0.4110054 0.2557615
0.4411121 0.2415525
0.4712188 0.2273435
0.5013255 0.2131346
0.5314322 0.1989256
0.5615389 0.1847166
0.5916457 0.1705076
0.6217524 0.1562987
0.6518591 0.1420897
0.6819658 0.1278807
0.7120725 0.1136718
0.7421792 0.0994628
0.7722860 0.0852538
0.8023927 0.0710449
0.8324994 0.0568359
0.8626061 0.0426269
0.8927128 0.0284179
0.9228196 0.0142090
0.9529263 0.0000000

0.4129702 0.9284634
0.4000644 0.8978457
0.3871585 0.8672282
0.3742527 0.8366105
0.3613470 0.8059929
0.3484411 0.7753753
0.3355353 0.7447578
0.3226295 0.7141401
0.3097237 0.6835225
0.2968179 0.6529049
0.2839121 0.6222873
0.2710063 0.5916697
0.2581005 0.5610521
0.2451947 0.5304345
0.2322889 0.4998169
0.2193831 0.4691993
0.2064773 0.4385817
0.1935715 0.4079641
0.1806657 0.3773465
0.1677599 0.3467289
0.1548541 0.3161113
0.1419482 0.2854937
0.1290424 0.2548761
0.1161366 0.2242585
0.1032308 0.1936409
0.0903250 0.1630233
0.0774192 0.1324057
0.0645134 0.1017881
0.0516076 0.0711705
0.0387018 0.0405529

0.9642787 0.0219211
0.9333102 0.0331479
0.9023417 0.0443748
0.8713732 0.0556016
0.8404047 0.0668285
0.8094362 0.0780553
0.7784677 0.0892822
0.7474992 0.1005090
0.7165306 0.1117358
0.6855621 0.1229627
0.6545936 0.1341895
0.6236251 0.1454164
0.5926566 0.1566432
0.5616881 0.1678701
0.5307196 0.1790969
0.4997511 0.1903237
0.4687826 0.2015506
0.4378140 0.2127774
0.4068455 0.2240043
0.3758770 0.2352311
0.3449085 0.2464580
0.3139400 0.2576848
0.2829715 0.2689117
0.2520030 0.2801385
0.2210345 0.2913653
0.1900660 0.3025922
0.1590974 0.3138190
0.1281289 0.3250459
0.0971604 0.3362727
0.0661919 0.3474995

0.0614736 0.3298787
0.0893285 0.3195540
0.1171834 0.3092293
0.1450384 0.2989046
0.1728933 0.2885799
0.2007482 0.2782551
0.2286032 0.2679304
0.2564581 0.2576057
0.2843130 0.2472810
0.3121679 0.2369563
0.3400229 0.2266316
0.3678778 0.2163069
0.3957327 0.2059822
0.4235877 0.1956575
0.4514426 0.1853327
0.4792975 0.1750080
0.5071525 0.1646833
0.5350074 0.1543586
0.5628623 0.1440339
0.5907173 0.1337092
0.6185722 0.1233845
0.6464271 0.1130598
0.6742820 0.1027351
0.7021370 0.0924104
0.7299919 0.0820856
0.7578468 0.0717609
0.7857018 0.0614362
0.8135567 0.0511115
0.8414116 0.0407868
0.8692666 0.0304621

0.0376058 0.5931656
0.0678847 0.5749221
0.0981635 0.5566785
0.1284424 0.5384350
0.1587213 0.5201915
0.1890002 0.5019480
0.2192791 0.4837045
0.2495580 0.4654609
0.2798369 0.4472174
0.3101158 0.4289739
0.3403947 0.4107304
0.3706735 0.3924868
0.4009524 0.3742433
0.4312313 0.3559998
0.4615102 0.3377563
0.4917891 0.3195127
0.5220680 0.3012692
0.5523469 0.2830257
0.5826257 0.2647822
0.6129047 0.2465386
0.6431835 0.2282951
0.6734624 0.2100516
0.7037413 0.1918081
0.7340202 0.1735646
0.7642991 0.1553210
0.7945780 0.1370775
0.8248569 0.1188340
0.8551358 0.1005905
0.8854146 0.0823469
0.9156935 0.0641034

0.0639940 0.1293433
0.0787823 0.1529153
0.0935705 0.1764873
0.1083588 0.2000592
0.1231470 0.2236312
0.1379353 0.2472032
0.1527235 0.2707752
0.1675118 0.2943472
0.1823000 0.3179191
0.1970883 0.3414911
0.2118765 0.3650631
0.2266647 0.3886351
0.2414530 0.4122071
0.2562412 0.4357790
0.2710295 0.4593510
0.2858177 0.4829230
0.3006060 0.5064950
0.3153942 0.5300670
0.3301825 0.5536389
0.3449707 0.5772109
0.3597590 0.6007829
0.3745472 0.6243549
0.3893354 0.6479269
0.4041237 0.6714988
0.4189119 0.6950708
0.4337002 0.7186428
0.4484884 0.7422148
0.4632767 0.7657868
0.4780649 0.7893587
0.4928532 0.8129307

0.0376448 0.9712177
0.0428280 0.9398017
0.0480113 0.9083856
0.0531945 0.8769695
0.0583778 0.8455534
0.0635610 0.8141373
0.0687443 0.7827212
0.0739275 0.7513051
0.0791107 0.7198890
0.0842940 0.6884729
0.0894772 0.6570568
0.0946605 0.6256407
0.0998437 0.5942246
0.1051616 0.5628218
0.1107627 0.5314393
0.1166769 0.5001184
0.1225911 0.4687975
0.1285053 0.4374766
0.1344195 0.4061557
0.1403337 0.3748348
0.1462479 0.3435139
0.1521621 0.3121930
0.1580763 0.2808721
0.1639905 0.2495512
0.1699047 0.2182303
0.1758189 0.1869094
0.1817331 0.1555885
0.1876473 0.1242676
0.1935615 0.0929467
0.1994757 0.0616258

0.9680611 0.3922893
0.9374851 0.3786386
0.9069090 0.3649878
0.8763330 0.3513370
0.8457570 0.3376862
0.8151810 0.3240355
0.7846050 0.3103847
0.7540289 0.2967339
0.7234529 0.2830831
0.6928769 0.2694323
0.6623026 0.2557775
0.6317559 0.2420565
0.6012092 0.2283355
0.5702391 0.2154604
0.5392506 0.2026221
0.5082621 0.1897838
0.4772735 0.1769455
0.4462850 0.1641072
0.4152965 0.1512689
0.3843080 0.1384305
0.3533194 0.1255922
0.3223309 0.1127539
0.2913424 0.0999156
0.2603538 0.0870773
0.2293653 0.0742390
0.1983768 0.0614007
0.1673882 0.0485624
0.1363997 0.0357241
0.1054112 0.0228858
0.0744227 0.0100475

0.0501122 0.9266830
0.0643468 0.8962136
0.0785813 0.8657442
0.0928159 0.8352748
0.1070505 0.8048054
0.1212850 0.7743360
0.1355196 0.7438667
0.1497542 0.7133973
0.1639887 0.6829279
0.1782233 0.6524585
0.1924579 0.6219891
0.2066924 0.5915197
0.2207611 0.5609607
0.2347927 0.5303816
0.2488242 0.4998025
0.2629568 0.4692709
0.2773075 0.4388478
0.2918711 0.4085242
0.3064435 0.3782047
0.3210180 0.3478860
0.3356717 0.3176091
0.3503276 0.2873335
0.3649836 0.2570578
0.3796396 0.2267822
0.3942956 0.1965065
0.4089516 0.1662309
0.4236076 0.1359553
0.4382636 0.1056796
0.4529195 0.0754039
0.4675755 0.0451283

0.1044311 0.0932660
0.1329718 0.0989130
0.1615126 0.1045599
0.1900534 0.1102068
0.2185942 0.1158538
0.2471349 0.1215007
0.2756757 0.1271477
0.3042165 0.1327946
0.3327572 0.1384416
0.3612980 0.1440885
0.3898388 0.1497355
0.4183796 0.1553824
0.4469204 0.1610293
0.4754611 0.1666763
0.5040019 0.1723232
0.5325427 0.1779702
0.5610834 0.1836171
0.5896242 0.1892641
0.6181650 0.1949110
0.6467058 0.2005579
0.6752465 0.2062049
0.7037873 0.2118518
0.7323281 0.2174988
0.7608689 0.2231457
0.7894096 0.2287927
0.8179504 0.2344396
0.8464912 0.2400866
0.8750320 0.2457335
0.9035727 0.2513804
0.9321135 0.2570274

0.1939331 0.9974444
0.1908773 0.9652007
0.1878214 0.9329569
0.1847655 0.9007132
0.1817097 0.8684695
0.1786538 0.8362257
0.1755980 0.8039820
0.1725421 0.7717383
0.1694863 0.7394945
0.1664304 0.7072508
0.1633745 0.6750071
0.1603187 0.6427633
0.1572628 0.6105196
0.1542070 0.5782759
0.1511511 0.5460322
0.1480953 0.5137884
0.1450394 0.4815447
0.1419835 0.4493010
0.1389277 0.4170572
0.1358718 0.3848135
0.1328160 0.3525698
0.1297601 0.3203260
0.1267042 0.2880823
0.1236484 0.2558386
0.1205925 0.2235948
0.1175367 0.1913511
0.1144808 0.1591074
0.1114250 0.1268636
0.1083691 0.0946199
0.1053132 0.0623762

0.0467838 0.8930079
0.0489391 0.8644314
0.0510943 0.8358549
0.0532496 0.8072783
0.0554049 0.7787018
0.0575601 0.7501253
0.0597154 0.7215487
0.0618707 0.6929722
0.0640259 0.6643957
0.0661812 0.6358192
0.0683365 0.6072426
0.0704917 0.5786661
0.0726470 0.5500896
0.0748023 0.5215130
0.0769575 0.4929365
0.0791128 0.4643599
0.0812680 0.4357834
0.0834233 0.4072069
0.0855786 0.3786304
0.0877338 0.3500538
0.0898891 0.3214773
0.0920444 0.2929008
0.0941996 0.2643242
0.0963549 0.2357477
0.0985102 0.2071712
0.1006654 0.1785946
0.1028207 0.1500181
0.1049760 0.1214416
0.1071312 0.0928651
0.1092865 0.0642885

0.9582183 0.2613873
0.9268936 0.2495432
0.8955688 0.2376991
0.8642440 0.2258550
0.8329192 0.2140109
0.8015945 0.2021668
0.7702697 0.1903227
0.7389449 0.1784786
0.7076201 0.1666345
0.6762954 0.1547904
0.6449706 0.1429463
0.6136458 0.1311022
0.5811167 0.1232204
0.5482616 0.1164112
0.5154065 0.1096019
0.4825514 0.1027927
0.4496964 0.0959834
0.4168413 0.0891742
0.3839862 0.0823649
0.3511311 0.0755556
0.3182760 0.0687464
0.2854518 0.0616571
0.2526956 0.0539499
0.2199394 0.0462428
0.1871832 0.0385357
0.1544270 0.0308285
0.1216708 0.0231214
0.0889147 0.0154143
0.0561585 0.0077071
0.0234023 0.0000000

0.9271119 0.7428968
0.8965201 0.7193896
0.8659283 0.6958825
0.8353365 0.6723753
0.8047446 0.6488681
0.7741528 0.6253609
0.7435611 0.6018538
0.7129692 0.5783466
0.6823897 0.5548209
0.6518818 0.5311922
0.6213775 0.5075584
0.5908731 0.4839247
0.5603688 0.4602909
0.5298645 0.4366572
0.4993601 0.4130234
0.4688547 0.3893909
0.4383772 0.3657229
0.4079590 0.3419810
0.3775640 0.3182124
0.3470742 0.2945716
0.3165537 0.2709711
0.2860328 0.2473713
0.2555118 0.2237715
0.2249909 0.2001717
0.1944699 0.1765719
0.1639490 0.1529721
0.1334280 0.1293723
0.1029070 0.1057725
0.0723861 0.0821727
0.0418651 0.0585729

0.9386451 0.1060652
0.9083815 0.1203704
0.8781178 0.1346755
0.8478542 0.1489807
0.8175906 0.1632859
0.7873269 0.1775911
0.7570633 0.1918963
0.7267996 0.2062015
0.6965360 0.2205066
0.6662723 0.2348118
0.6360087 0.2491170
0.6057451 0.2634222
0.5754814 0.2777274
0.5452178 0.2920326
0.5149541 0.3063377
0.4846905 0.3206429
0.4544268 0.3349481
0.4241632 0.3492533
0.3938996 0.3635585
0.3636359 0.3778636
0.3333723 0.3921688
0.3031086 0.4064740
0.2728450 0.4207792
0.2425813 0.4350844
0.2123177 0.4493896
0.1820541 0.4636947
0.1517904 0.4779999
0.1215268 0.4923051
0.0912631 0.5066103
0.0609995 0.5209155

0.7584847 0.0562715
0.7345793 0.0864122
0.7106739 0.1165529
0.6867685 0.1466936
0.6628631 0.1768343
0.6389578 0.2069750
0.6150524 0.2371156
0.5911470 0.2672563
0.5672416 0.2973970
0.5433363 0.3275377
0.5194309 0.3576784
0.4955255 0.3878191
0.4716201 0.4179598
0.4477147 0.4481005
0.4238093 0.4782412
0.3999040 0.5083818
0.3759986 0.5385225
0.3520932 0.5686632
0.3281878 0.5988039
0.3042825 0.6289446
0.2803771 0.6590853
0.2564717 0.6892260
0.2325663 0.7193667
0.2086609 0.7495074
0.1847556 0.7796481
0.1608502 0.8097888
0.1369448 0.8399294
0.1130394 0.8700701
0.0891340 0.9002108
0.0652287 0.9303515

0.1526457 0.9096707
0.1732051 0.8795796
0.1937646 0.8494886
0.2143240 0.8193976
0.2348834 0.7893065
0.2554429 0.7592155
0.2760023 0.7291245
0.2965617 0.6990335
0.3171212 0.6689424
0.3376806 0.6388514
0.3582400 0.6087604
0.3787995 0.5786693
0.3993589 0.5485783
0.4199183 0.5184873
0.4404778 0.4883962
0.4610372 0.4583052
0.4827304 0.4291542
0.5045933 0.4001438
0.5264563 0.3711335
0.5483192 0.3421232
0.5701821 0.3131129
0.5920451 0.2841026
0.6139080 0.2550923
0.6357710 0.2260820
0.6576339 0.1970717
0.6794968 0.1680614
0.7013598 0.1390510
0.7232227 0.1100407
0.7450856 0.0810304
0.7669486 0.0520201

0.5939991 0.8902807
0.5774053 0.8629485
0.5608115 0.8356163
0.5442177 0.8082841
0.5276239 0.7809519
0.5110301 0.7536197
0.4944363 0.7262875
0.4778425 0.6989553
0.4612487 0.6716231
0.4446549 0.6442909
0.4280611 0.6169587
0.4114673 0.5896265
0.3948735 0.5622943
0.3782797 0.5349621
0.3616859 0.5076299
0.3450921 0.4802977
0.3284983 0.4529655
0.3119045 0.4256333
0.2953107 0.3983011
0.2787169 0.3709689
0.2621231 0.3436367
0.2455293 0.3163045
0.2289355 0.2889723
0.2123417 0.2616401
0.1957479 0.2343079
0.1791541 0.2069757
0.1625603 0.1796435
0.1459665 0.1523113
0.1293727 0.1249791
0.1127789 0.0976469

0.0529073 0.1018262
0.0576160 0.1294516
0.0623247 0.1570770
0.0670334 0.1847023
0.0717421 0.2123277
0.0764508 0.2399531
0.0811595 0.2675785
0.0858682 0.2952039
0.0905770 0.3228292
0.0952857 0.3504546
0.0999944 0.3780800
0.1047031 0.4057054
0.1094118 0.4333308
0.1141205 0.4609561
0.1188292 0.4885815
0.1235379 0.5162069
0.1282466 0.5438323
0.1329553 0.5714576
0.1376640 0.5990830
0.1423728 0.6267084
0.1470815 0.6543338
0.1517902 0.6819591
0.1564989 0.7095845
0.1612076 0.7372099
0.1659163 0.7648353
0.1706250 0.7924606
0.1753337 0.8200860
0.1800424 0.8477114
0.1847511 0.8753368
0.1894599 0.9029621

0.9123062 0.0046255
0.8825099 0.0202598
0.8527136 0.0358941
0.8229173 0.0515284
0.7931210 0.0671627
0.7633248 0.0827970
0.7335285 0.0984313
0.7037322 0.1140656
0.6739359 0.1296999
0.6441396 0.1453342
0.6143433 0.1609685
0.5845470 0.1766028
0.5547507 0.1922371
0.5249544 0.2078715
0.4951581 0.2235058
0.4653012 0.2390085
0.4353688 0.2543475
0.4054365 0.2696865
0.3755041 0.2850255
0.3455717 0.3003645
0.3156393 0.3157034
0.2857069 0.3310424
0.2557745 0.3463814
0.2258422 0.3617204
0.1959098 0.3770594
0.1659774 0.3923984
0.1360450 0.4077373
0.1061126 0.4230763
0.0761803 0.4384153
0.0462479 0.4537543

0.4909580 0.9119284
0.4770333 0.8839073
0.4631087 0.8558863
0.4491841 0.8278653
0.4352595 0.7998443
0.4213349 0.7718233
0.4074103 0.7438023
0.3934857 0.7157813
0.3795611 0.6877603
0.3656365 0.6597392
0.3517118 0.6317182
0.3377872 0.6036972
0.3238626 0.5756762
0.3099380 0.5476552
0.2960134 0.5196342
0.2820731 0.4916222
0.2681140 0.4636213
0.2541548 0.4356203
0.2401956 0.4076193
0.2262364 0.3796183
0.2122772 0.3516174
0.1983180 0.3236164
0.1843588 0.2956154
0.1703996 0.2676144
0.1564404 0.2396134
0.1424812 0.2116125
0.1285220 0.1836115
0.1145628 0.1556105
0.1006036 0.1276095
0.0866444 0.0996086

0.8779555 0.0144572
0.8487562 0.0354090
0.8195570 0.0563607
0.7903576 0.0773124
0.7611583 0.0982641
0.7319591 0.1192159
0.7027598 0.1401676
0.6735605 0.1611193
0.6443612 0.1820710
0.6151619 0.2030227
0.5859626 0.2239745
0.5567633 0.2449262
0.5275641 0.2658779
0.4983648 0.2868296
0.4691655 0.3077814
0.4399662 0.3287331
0.4107669 0.3496848
0.3815676 0.3706365
0.3523683 0.3915883
0.3231690 0.4125400
0.2939698 0.4334917
0.2647705 0.4544434
0.2355712 0.4753952
0.2063719 0.4963469
0.1771726 0.5172986
0.1479733 0.5382503
0.1187740 0.5592021
0.0895747 0.5801538
0.0603754 0.6011055
0.0311762 0.6220572

0.0452782 0.0736692
0.0605445 0.1042517
0.0758108 0.1348341
0.0910772 0.1654166
0.1063435 0.1959991
0.1216098 0.2265815
0.1368761 0.2571640
0.1521424 0.2877465
0.1674087 0.3183290
0.1826750 0.3489114
0.1979413 0.3794939
0.2132508 0.4100567
0.2285776 0.4406116
0.2439045 0.4711664
0.2592554 0.5017091
0.2747371 0.5321849
0.2903230 0.5626053
0.3059987 0.5929708
0.3217616 0.6232788
0.3375246 0.6535867
0.3532876 0.6838946
0.3690802 0.7141867
0.3848439 0.7444916
0.4006077 0.7747965
0.4163714 0.8051015
0.4321352 0.8354064
0.4478989 0.8657113
0.4636627 0.8960162
0.4794265 0.9263211
0.4951902 0.9566260

0.3436444 0.0964350
0.3341566 0.1220927
0.3246687 0.1477503
0.3151809 0.1734080
0.3056930 0.1990657
0.2962052 0.2247233
0.2867173 0.2503810
0.2772295 0.2760387
0.2677416 0.3016963
0.2582537 0.3273540
0.2487659 0.3530116
0.2392780 0.3786693
0.2297902 0.4043270
0.2203023 0.4299846
0.2108145 0.4556423
0.2013266 0.4813000
0.1918388 0.5069576
0.1823509 0.5326153
0.1728630 0.5582730
0.1633752 0.5839306
0.1538873 0.6095883
0.1443995 0.6352460
0.1349116 0.6609036
0.1254238 0.6865613
0.1159359 0.7122190
0.1064481 0.7378766
0.0969602 0.7635343
0.0874723 0.7891919
0.0779845 0.8148496
0.0684966 0.8405073

0.9254127 0.1676272
0.8963779 0.1642569
0.8673431 0.1608865
0.8383083 0.1575161
0.8092735 0.1541458
0.7802387 0.1507754
0.7512039 0.1474050
0.7221691 0.1440347
0.6931343 0.1406643
0.6640995 0.1372939
0.6350647 0.1339236
0.6060299 0.1305532
0.5769951 0.1271828
0.5479603 0.1238125
0.5189255 0.1204421
0.4898907 0.1170717
0.4608559 0.1137014
0.4318211 0.1103310
0.4027863 0.1069607
0.3737515 0.1035903
0.3447167 0.1002199
0.3156819 0.0968496
0.2866471 0.0934792
0.2576122 0.0901088
0.2285774 0.0867385
0.1995426 0.0833681
0.1705078 0.0799977
0.1414730 0.0766274
0.1124382 0.0732570
0.0834034 0.0698866

0.7112029 0.9006790
0.6897726 0.8752953
0.6683423 0.8499117
0.6469120 0.8245280
0.6254817 0.7991443
0.6040514 0.7737606
0.5826211 0.7483769
0.5611908 0.7229932
0.5397605 0.6976095
0.5183303 0.6722258
0.4969000 0.6468421
0.4754697 0.6214584
0.4540394 0.5960748
0.4326091 0.5706910
0.4111788 0.5453073
0.3897485 0.5199237
0.3683182 0.4945400
0.3468879 0.4691563
0.3254576 0.4437726
0.3040273 0.4183889
0.2825970 0.3930052
0.2611667 0.3676215
0.2397364 0.3422378
0.2183062 0.3168541
0.1968759 0.2914704
0.1754456 0.2660867
0.1540153 0.2407030
0.1325850 0.2153194
0.1111547 0.1899357
0.0897244 0.1645520

0.9109810 0.1873293
0.8820099 0.1808806
0.8530388 0.1744319
0.8240677 0.1679833
0.7950966 0.1615346
0.7661255 0.1550859
0.7371544 0.1486372
0.7081833 0.1421885
0.6792121 0.1357399
0.6502410 0.1292912
0.6212699 0.1228425
0.5922988 0.1163938
0.5633277 0.1099451
0.5343566 0.1034965
0.5053855 0.0970478
0.4764144 0.0905991
0.4474432 0.0841504
0.4184721 0.0777017
0.3895010 0.0712531
0.3605299 0.0648044
0.3315588 0.0583557
0.3025877 0.0519070
0.2736166 0.0454583
0.2446454 0.0390096
0.2156743 0.0325610
0.1867032 0.0261123
0.1577321 0.0196636
0.1287610 0.0132149
0.0997899 0.0067662
0.0708187 0.0003176

1.0000000 0.2089335
0.9709777 0.2017289
0.9419554 0.1945243
0.9129332 0.1873197
0.8839109 0.1801151
0.8548886 0.1729105
0.8258663 0.1657059
0.7968441 0.1585013
0.7678218 0.1512967
0.7387995 0.1440921
0.7097772 0.1368875
0.6807550 0.1296829
0.6517327 0.1224783
0.6227104 0.1152737
0.5936881 0.1080691
0.5646659 0.1008644
0.5356436 0.0936598
0.5066213 0.0864552
0.4775990 0.0792506
0.4485767 0.0720460
0.4195545 0.0648414
0.3905322 0.0576368
0.3615099 0.0504322
0.3324876 0.0432276
0.3034654 0.0360230
0.2744431 0.0288184
0.2454208 0.0216138
0.2163985 0.0144092
0.1873763 0.0072046
0.1583540 0.0000000

0.0544935 0.0022820
0.0532060 0.0361028
0.0519186 0.0699236
0.0506311 0.1037444
0.0493436 0.1375652
0.0480561 0.1713860
0.0467686 0.2052068
0.0454811 0.2390276
0.0441936 0.2728484
0.0429061 0.3066692
0.0416187 0.3404900
0.0403312 0.3743108
0.0390437 0.4081316
0.0377562 0.4419524
0.0364687 0.4757731
0.0351812 0.5095940
0.0338937 0.5434148
0.0326062 0.5772355
0.0313188 0.6110563
0.0300313 0.6448771
0.0287438 0.6786979
0.0274563 0.7125187
0.0261688 0.7463396
0.0248813 0.7801603
0.0235938 0.8139811
0.0223063 0.8478019
0.0210189 0.8816227
0.0197314 0.9154435
0.0184439 0.9492643
0.0171564 0.9830851

0.0795175 0.9027372
0.0814177 0.8756346
0.0833178 0.8485320
0.0852179 0.8214294
0.0871180 0.7943268
0.0890181 0.7672242
0.0909182 0.7401216
0.0928183 0.7130190
0.0947185 0.6859164
0.0966186 0.6588138
0.0985187 0.6317112
0.1004188 0.6046086
0.1023189 0.5775060
0.1042190 0.5504034
0.1061191 0.5233008
0.1080193 0.4961982
0.1099194 0.4690956
0.1118195 0.4419930
0.1137196 0.4148904
0.1156197 0.3877878
0.1175198 0.3606852
0.1194200 0.3335827
0.1213201 0.3064801
0.1232202 0.2793775
0.1251203 0.2522749
0.1270204 0.2251723
0.1289205 0.1980697
0.1308206 0.1709671
0.1327208 0.1438645
0.1346209 0.1167619

0.0609696 0.0416738
0.0906155 0.0423369
0.1202614 0.0430000
0.1499072 0.0436630
0.1795531 0.0443261
0.2091989 0.0449892
0.2388448 0.0456523
0.2684907 0.0463154
0.2981365 0.0469785
0.3277824 0.0476416
0.3574282 0.0483046
0.3870741 0.0489677
0.4167199 0.0496308
0.4463658 0.0502939
0.4760117 0.0509570
0.5056575 0.0516201
0.5353034 0.0522832
0.5649493 0.0529462
0.5945951 0.0536093
0.6242410 0.0542724
0.6538868 0.0549355
0.6835327 0.0555986
0.7131785 0.0562617
0.7428244 0.0569248
0.7724703 0.0575878
0.8021161 0.0582509
0.8317620 0.0589140
0.8614078 0.0595771
0.8910537 0.0602402
0.9206995 0.0609033

0.1100199 0.9605396
0.1124303 0.9309217
0.1148406 0.9013037
0.1172509 0.8716857
0.1196612 0.8420678
0.1220715 0.8124498
0.1244818 0.7828319
0.1268921 0.7532139
0.1293024 0.7235960
0.1317127 0.6939780
0.1341230 0.6643600
0.1365333 0.6347421
0.1389436 0.6051241
0.1413539 0.5755062
0.1437642 0.5458882
0.1461745 0.5162702
0.1485848 0.4866523
0.1509951 0.4570343
0.1534055 0.4274164
0.1558158 0.3977984
0.1582261 0.3681804
0.1606364 0.3385625
0.1630467 0.3089445
0.1654570 0.2793266
0.1678673 0.2497086
0.1702776 0.2200907
0.1726879 0.1904727
0.1750982 0.1608547
0.1775085 0.1312368
0.1799188 0.1016188

0.0257307 0.0643225
0.0584317 0.0683940
0.0911327 0.0724654
0.1238337 0.0765369
0.1565347 0.0806083
0.1892357 0.0846798
0.2219367 0.0887512
0.2546377 0.0928227
0.2873387 0.0968942
0.3200396 0.1009656
0.3527406 0.1050371
0.3854416 0.1091085
0.4181426 0.1131800
0.4508436 0.1172514
0.4835446 0.1213229
0.5162456 0.1253943
0.5488699 0.1315237
0.5814499 0.1388395
0.6140300 0.1461552
0.6466100 0.1534709
0.6791901 0.1607866
0.7117702 0.1681024
0.7443502 0.1754181
0.7769303 0.1827338
0.8095103 0.1900495
0.8420904 0.1973653
0.8746704 0.2046810
0.9072505 0.2119967
0.9398306 0.2193124
0.9724106 0.2266282

0.9214648 0.2216797
0.8932806 0.2176637
0.8650965 0.2136476
0.8369123 0.2096316
0.8087282 0.2056156
0.7805440 0.2015996
0.7523599 0.1975835
0.7241757 0.1935675
0.6959916 0.1895515
0.6678075 0.1855354
0.6396233 0.1815194
0.6114392 0.1775034
0.5832550 0.1734874
0.5550709 0.1694713
0.5268867 0.1654553
0.4987026 0.1614393
0.4705184 0.1574232
0.4423343 0.1534072
0.4141501 0.1493912
0.3859660 0.1453752
0.3577818 0.1413591
0.3295977 0.1373431
0.3014136 0.1333271
0.2732294 0.1293110
0.2450453 0.1252950
0.2168611 0.1212790
0.1886770 0.1172630
0.1604928 0.1132469
0.1323087 0.1092309
0.1041245 0.1052149

0.0275503 0.0452775
0.0596600 0.0476066
0.0925929 0.0478833
0.1256111 0.0481285
0.1586369 0.0480631
0.1916629 0.0473851
0.2246935 0.0462588
0.2577258 0.0450955
0.2907584 0.0439609
0.3237958 0.0429501
0.3568424 0.0422773
0.3898971 0.0422302
0.4229502 0.0426137
0.4559998 0.0430544
0.4890346 0.0435314
0.5220675 0.0438860
0.5551218 0.0443870
0.5881718 0.0449326
0.6212246 0.0453900
0.6542805 0.0457582
0.6873383 0.0460642
0.7203953 0.0463697
0.7534500 0.0467057
0.7865042 0.0470234
0.8195576 0.0473666
0.8526084 0.0478105
0.8856489 0.0484084
0.9186684 0.0490020
0.9516384 0.0495955
0.9846357 0.0501911

0.9392679 0.3017424
0.9094392 0.3006255
0.8796105 0.2995086
0.8497938 0.2983290
0.8200172 0.2969866
0.7901621 0.2956049
0.7602977 0.2942835
0.7304016 0.2931033
0.7005427 0.2922466
0.6707253 0.2914310
0.6409602 0.2908084
0.6112011 0.2899094
0.5815251 0.2882755
0.5518977 0.2865322
0.5222513 0.2848646
0.4925494 0.2834111
0.4630786 0.2824625
0.4339467 0.2821727
0.4047272 0.2819747
0.3754946 0.2823760
0.3463171 0.2830151
0.3174234 0.2839897
0.2885398 0.2852265
0.2595324 0.2860083
0.2305259 0.2866006
0.2017391 0.2871306
0.1735801 0.2872117
0.1472568 0.2826389
0.1215784 0.2777682
0.0959007 0.2729016

0.0470433 0.0355259
0.0382297 0.0653074
0.0362355 0.0971943
0.0355163 0.1296257
0.0346210 0.1621111
0.0337136 0.1946135
0.0328998 0.2271271
0.0322617 0.2596462
0.0317933 0.2921671
0.0314148 0.3246862
0.0310937 0.3571991
0.0307969 0.3896923
0.0302476 0.4221629
0.0294897 0.4546138
0.0285498 0.4870980
0.0275378 0.5196046
0.0266121 0.5521173
0.0258237 0.5846350
0.0252184 0.6171566
0.0247807 0.6496809
0.0244904 0.6822075
0.0242573 0.7147347
0.0240270 0.7472624
0.0237646 0.7797897
0.0234768 0.8123154
0.0231820 0.8448419
0.0229186 0.8773639
0.0227733 0.9098699
0.0239890 0.9420003
0.0303498 0.9726332

0.0484667 0.9332008
0.1001905 0.9622059
0.1577043 0.9741827
0.2191490 0.9722473
0.2806627 0.9691403
0.3421624 0.9660570
0.4033850 0.9619199
0.4585484 0.9453997
0.4797588 0.8928800
0.4824442 0.8328726
0.4807695 0.7715617
0.4832320 0.7103691
0.4850205 0.6495951
0.4858670 0.5888786
0.4885087 0.5274150
0.4906158 0.4658425
0.4924911 0.4042856
0.4940936 0.3427369
0.4955805 0.2811941
0.4963380 0.2196280
0.4943492 0.1584339
0.4845150 0.0992396
0.4546213 0.0541461
0.3996044 0.0366577
0.3392232 0.0314659
0.2777022 0.0303041
0.2162193 0.0279656
0.1546294 0.0264454
0.0930396 0.0249478
0.0314561 0.0232470

0.1487628 0.0743229
0.1387427 0.1003122
0.1287225 0.1263016
0.1219008 0.1534539
0.1202238 0.1822706
0.1187361 0.2111407
0.1175730 0.2400804
0.1165859 0.2690301
0.1157503 0.2980034
0.1150578 0.3270326
0.1143964 0.3560818
0.1137450 0.3851236
0.1129607 0.4141468
0.1121549 0.4431670
0.1115523 0.4722221
0.1110650 0.5013003
0.1106411 0.5303745
0.1102104 0.5594510
0.1097156 0.5885289
0.1093014 0.6176084
0.1088675 0.6466727
0.1084488 0.6757325
0.1078923 0.7047602
0.1071461 0.7337253
0.1063436 0.7625488
0.1054180 0.7907208
0.1045532 0.8187852
0.1069372 0.8448038
0.1133990 0.8688057
0.1198609 0.8928075

0.9569468 0.0820415
0.9262277 0.0798491
0.8955085 0.0776568
0.8643397 0.0768408
0.8329456 0.0770924
0.8015416 0.0773124
0.7700893 0.0772317
0.7386341 0.0770402
0.7071716 0.0768988
0.6757036 0.0768939
0.6442351 0.0768449
0.6127638 0.0766500
0.5812893 0.0764507
0.5498143 0.0761757
0.5183407 0.0758490
0.4868665 0.0755172
0.4553907 0.0751632
0.4239150 0.0748709
0.3924408 0.0745667
0.3609682 0.0742483
0.3294965 0.0739957
0.2980289 0.0737004
0.2665661 0.0734391
0.2351001 0.0733171
0.2036335 0.0732045
0.1721766 0.0727783
0.1407236 0.0722427
0.1099422 0.0699039
0.0803823 0.0642014
0.0508224 0.0584988

0.2754742 0.8731017
0.2763826 0.8483751
0.2772909 0.8236484
0.2781992 0.7989217
0.2791076 0.7741951
0.2800159 0.7494684
0.2809243 0.7247417
0.2818326 0.7000151
0.2827526 0.6752883
0.2835778 0.6505487
0.2841010 0.6258067
0.2844364 0.6010702
0.2847163 0.5763378
0.2849839 0.5516046
0.2852445 0.5268720
0.2854722 0.5021390
0.2856909 0.4774057
0.2859097 0.4526724
0.2861467 0.4279400
0.2863798 0.4032083
0.2868266 0.3785536
0.2873899 0.3539412
0.2879420 0.3293284
0.2884887 0.3047158
0.2890353 0.2801032
0.2895820 0.2554906
0.2901286 0.2308780
0.2906753 0.2062654
0.2912219 0.1816528
0.2917686 0.1570402

0.9559718 0.1225087
0.9261049 0.1213384
0.8959682 0.1203632
0.8642427 0.1200286
0.8324964 0.1197466
0.8007577 0.1191918
0.7690239 0.1184663
0.7373054 0.1176042
0.7056040 0.1165793
0.6739131 0.1158017
0.6422107 0.1152781
0.6104890 0.1150292
0.5787514 0.1149396
0.5469948 0.1147502
0.5152354 0.1146318
0.4834771 0.1145496
0.4517156 0.1144358
0.4199499 0.1143138
0.3881838 0.1141241
0.3564141 0.1138326
0.3246434 0.1133474
0.2928785 0.1127243
0.2611198 0.1119628
0.2293686 0.1112087
0.1976339 0.1104779
0.1659142 0.1100095
0.1342162 0.1098974
0.1025528 0.1095442
0.0716988 0.1049299
0.0409095 0.1000541

