0.2046474 0.5068928
0.2182317 0.5010496
0.2318159 0.4952064
0.2454002 0.4893632
0.2589844 0.4835200
0.2725687 0.4776768
0.2861529 0.4718336
0.2996593 0.4656320
0.3130524 0.4588871
0.3265084 0.4522498
0.3401665 0.4458838
0.3538078 0.4394781
0.3674439 0.4330635
0.3810652 0.4266553
0.3947157 0.4203572
0.4083892 0.4141417
0.4221018 0.4080083
0.4359577 0.4020224
0.4498629 0.3961137
0.4637781 0.3902233
0.4777217 0.3843931
0.4916079 0.3784147
0.5054592 0.3723186
0.5193104 0.3662224
0.5328722 0.3598506
0.5465130 0.3538330
0.5602192 0.3480649
0.5740271 0.3425607
0.5874213 0.3362994
0.6004883 0.3295074
0.6134816 0.3225890
0.6265060 0.3157460
0.6391309 0.3086862
0.6516277 0.3014703
0.6640321 0.2941242
0.6763950 0.2867196
0.6887579 0.2793150
0.7011209 0.2719104
0.7134838 0.2645058
0.7258467 0.2571013

0.9722596 0.0626674
0.9481263 0.0700632
0.9239930 0.0774590
0.8996749 0.0846060
0.8754039 0.0920265
0.8513267 0.0996135
0.8272042 0.1058673
0.8031049 0.1123120
0.7790291 0.1191470
0.7549788 0.1260569
0.7309926 0.1320679
0.7070632 0.1382884
0.6829148 0.1450063
0.6586839 0.1515246
0.6347013 0.1593820
0.6109445 0.1683842
0.5875925 0.1784406
0.5642267 0.1883637
0.5413045 0.1990263
0.5181796 0.2093046
0.4949311 0.2194865
0.4720366 0.2305017
0.4486515 0.2404380
0.4252287 0.2502095
0.4017001 0.2596125
0.3778396 0.2682391
0.3540716 0.2772074
0.3306247 0.2869196
0.3075568 0.2972857
0.2844908 0.3076334
0.2611903 0.3175076
0.2384286 0.3283131
0.2169833 0.3413840
0.1954593 0.3543938
0.1734407 0.3669538
0.1513451 0.3793942
0.1277930 0.3881899
0.1041492 0.3966512
0.0819722 0.4069906
0.0612122 0.4188928

0.0116998 0.4697038
0.0363622 0.4595510
0.0610247 0.4493983
0.0857137 0.4393016
0.1105324 0.4297376
0.1350205 0.4196296
0.1590972 0.4086748
0.1830685 0.3974570
0.2080875 0.3887382
0.2331154 0.3799359
0.2574243 0.3691649
0.2804728 0.3593725
0.3049280 0.3497027
0.3290658 0.3390777
0.3538182 0.3306155
0.3789608 0.3220693
0.4041734 0.3132743
0.4293489 0.3043079
0.4545479 0.2954048
0.4796221 0.2860703
0.5045454 0.2763799
0.5290691 0.2657723
0.5528915 0.2536277
0.5766461 0.2413333
0.6006125 0.2297703
0.6244504 0.2181099
0.6481511 0.2060549
0.6725441 0.1954238
0.6956524 0.1992548
0.7195409 0.1911359
0.7437395 0.1803486
0.7683141 0.1705524
0.7935032 0.1616663
0.8184158 0.1520394
0.8423081 0.1400866
0.8663863 0.1285815
0.8908579 0.1180195
0.9166290 0.1120524
0.9423821 0.1055633
0.9680903 0.0985071

0.0467502 0.3339449
0.0681036 0.3205478
0.0896649 0.3077939
0.1126053 0.2998452
0.1347963 0.2889900
0.1568805 0.2769666
0.1788385 0.2645646
0.2007777 0.2523855
0.2236622 0.2437054
0.2465466 0.2350252
0.2677275 0.2227993
0.2883415 0.2093994
0.3117979 0.2012788
0.3352338 0.1931290
0.3591391 0.1905471
0.3832722 0.1915119
0.4075186 0.1921885
0.4318444 0.1917613
0.4552135 0.1870483
0.4784139 0.1767926
0.5016912 0.1667670
0.5256065 0.1585430
0.5498504 0.1510388
0.5738121 0.1436014
0.5975828 0.1389559
0.6212477 0.1341789
0.6453770 0.1274931
0.6692740 0.1210197
0.6915646 0.1228685
0.7134891 0.1233423
0.7352161 0.1175373
0.7571699 0.1052906
0.7771659 0.0907321
0.7950835 0.0730079
0.8130354 0.0553758
0.8320718 0.0423534
0.8509568 0.0292076
0.8653229 0.0196590
0.8708942 0.0145547
0.8764655 0.0094503

0.0332727 0.4497855
0.0498741 0.4388075
0.0662876 0.4278785
0.0826646 0.4149110
0.0999136 0.4009034
0.1171067 0.3859629
0.1374799 0.3709458
0.1586338 0.3564338
0.1818740 0.3435018
0.2052783 0.3307478
0.2289867 0.3183529
0.2532490 0.3068422
0.2778531 0.2957569
0.3025257 0.2851901
0.3276099 0.2756130
0.3530065 0.2669787
0.3783047 0.2584073
0.4033186 0.2497632
0.4283562 0.2421726
0.4533892 0.2344154
0.4785880 0.2270298
0.5039502 0.2187261
0.5292638 0.2096037
0.5548203 0.2006991
0.5800031 0.1903637
0.6055596 0.1812018
0.6314337 0.1728911
0.6576795 0.1661097
0.6841001 0.1600296
0.7103890 0.1533594
0.7364615 0.1457781
0.7626441 0.1387279
0.7890477 0.1332622
0.8155283 0.1285916
0.8420445 0.1242250
0.8686209 0.1208458
0.8952088 0.1174868
0.9218418 0.1143868
0.9483038 0.1095567
0.9747181 0.1043394

0.1777518 0.9604707
0.2009207 0.9508149
0.2232534 0.9372946
0.2461322 0.9239286
0.2681619 0.9095262
0.2873334 0.8918895
0.3023932 0.8705163
0.3136437 0.8473577
0.3197021 0.8227285
0.3177320 0.7961786
0.3126511 0.7698568
0.3070260 0.7439889
0.2988980 0.7186973
0.2882013 0.6941713
0.2777689 0.6694718
0.2690735 0.6438386
0.2616134 0.6179065
0.2550288 0.5921267
0.2465551 0.5663224
0.2362826 0.5414606
0.2264297 0.5165300
0.2171334 0.4913254
0.2058516 0.4670345
0.1947160 0.4426901
0.1852216 0.4175583
0.1769864 0.3917943
0.1690161 0.3659832
0.1601646 0.3404518
0.1501379 0.3153319
0.1396839 0.2903827
0.1294565 0.2653368
0.1185502 0.2411945
0.1070802 0.2180535
0.0985039 0.1928530
0.0933843 0.1708854
0.0891958 0.1563333
0.0882930 0.1360594
0.0926464 0.1147504
0.1001408 0.0932478
0.1112197 0.0725713

0.0432047 0.0180470
0.0528166 0.0429506
0.0614467 0.0682073
0.0690174 0.0938445
0.0785756 0.1186919
0.0892976 0.1430100
0.0996925 0.1674244
0.1075743 0.1920505
0.1181767 0.2166278
0.1283054 0.2410769
0.1347358 0.2653814
0.1460753 0.2896859
0.1573545 0.3139011
0.1684622 0.3380858
0.1790710 0.3626181
0.1879869 0.3878354
0.1940720 0.4139135
0.2000639 0.4399960
0.2072531 0.4657803
0.2156817 0.4911672
0.2247417 0.5163232
0.2343448 0.5412760
0.2460526 0.5650331
0.2570387 0.5893122
0.2667138 0.6142238
0.2751427 0.6395567
0.2835939 0.6649493
0.2935490 0.6896505
0.3038144 0.7142343
0.3150880 0.7384183
0.3244562 0.7634168
0.3338691 0.7884576
0.3434355 0.8135063
0.3524366 0.8387077
0.3603568 0.8643031
0.3690774 0.8896303
0.3806779 0.9134873
0.3950926 0.9356216
0.4100970 0.9563293
0.4253196 0.9765005

0.0472288 0.0304090
0.0491342 0.0558589
0.0516296 0.0811943
0.0560837 0.1059817
0.0663092 0.1297843
0.0782492 0.1531599
0.0884536 0.1773983
0.0988503 0.2015449
0.1087179 0.2258475
0.1171425 0.2506754
0.1260684 0.2753807
0.1356747 0.2998598
0.1453385 0.3242790
0.1550633 0.3486642
0.1668768 0.3721054
0.1786464 0.3954594
0.1905190 0.4185097
0.1981994 0.4433240
0.2033116 0.4689898
0.2091533 0.4945812
0.2160718 0.5199792
0.2234384 0.5452016
0.2308013 0.5703782
0.2371517 0.5956647
0.2434525 0.6209016
0.2495596 0.6462097
0.2559658 0.6712694
0.2667302 0.6949593
0.2788052 0.7182500
0.2905954 0.7417057
0.3009457 0.7659202
0.3110182 0.7902580
0.3197141 0.8148520
0.3287686 0.8393030
0.3393112 0.8633202
0.3508778 0.8869196
0.3597106 0.9116312
0.3681355 0.9365627
0.3776713 0.9610867
0.3887720 0.9847943

0.1044007 0.2813667
0.1234489 0.2695873
0.1424967 0.2581175
0.1620458 0.2489906
0.1818124 0.2406956
0.2021458 0.2345013
0.2227952 0.2297204
0.2434547 0.2261492
0.2649301 0.2239218
0.2866582 0.2204184
0.3096197 0.2198010
0.3327860 0.2197152
0.3560257 0.2208964
0.3792686 0.2222446
0.4025329 0.2234060
0.4257741 0.2249428
0.4489909 0.2260682
0.4722110 0.2270172
0.4952216 0.2266499
0.5181630 0.2248861
0.5410370 0.2224781
0.5638147 0.2202336
0.5865026 0.2177063
0.6087245 0.2143386
0.6310968 0.2112000
0.6538136 0.2084625
0.6765578 0.2057925
0.6994805 0.2035675
0.7223668 0.2014943
0.7455899 0.2007697
0.7688419 0.2004827
0.7914390 0.1991372
0.8138953 0.1978565
0.8363706 0.1962099
0.8587737 0.1952935
0.8811038 0.1952238
0.9034662 0.1950307
0.9258754 0.1945966
0.9486682 0.1964208
0.9716765 0.1991816

0.2162019 0.1101853
0.2308658 0.1280773
0.2447194 0.1488667
0.2569234 0.1663980
0.2676957 0.1787023
0.2822179 0.1965133
0.2978551 0.2155712
0.3108873 0.2275697
0.3274436 0.2480133
0.3458366 0.2665672
0.3646403 0.2835206
0.3832314 0.2968745
0.4021236 0.3124496
0.4196410 0.3294616
0.4341718 0.3519095
0.4445199 0.3771274
0.4556682 0.4021668
0.4698955 0.4249020
0.4777955 0.4497957
0.4785603 0.4696046
0.4842084 0.4812086
0.4929156 0.5070988
0.5003957 0.5330343
0.5105577 0.5565157
0.5171918 0.5799612
0.5197998 0.6043709
0.5190587 0.6275820
0.5190502 0.6510755
0.5208194 0.6744001
0.5240688 0.6970718
0.5279803 0.7200933
0.5329859 0.7438945
0.5382182 0.7679627
0.5450413 0.7935178
0.5543663 0.8196789
0.5644746 0.8454673
0.5730554 0.8717306
0.5784322 0.8986936
0.5838090 0.9256565
0.5891858 0.9526195

0.3898461 0.9763863
0.3813162 0.9505466
0.3723887 0.9247667
0.3655495 0.8983479
0.3597644 0.8716726
0.3531624 0.8455294
0.3484638 0.8193207
0.3424890 0.7930236
0.3356831 0.7665274
0.3276231 0.7403667
0.3183962 0.7146236
0.3087890 0.6890245
0.2967994 0.6645630
0.2826202 0.6418744
0.2694644 0.6193374
0.2575228 0.5962624
0.2466048 0.5721429
0.2372530 0.5467758
0.2276756 0.5216442
0.2178779 0.4962538
0.2068258 0.4718205
0.1947355 0.4482298
0.1807046 0.4255086
0.1692456 0.4011109
0.1612100 0.3756555
0.1513952 0.3522791
0.1406565 0.3290512
0.1317389 0.3037756
0.1261846 0.2776633
0.1197852 0.2529437
0.1102274 0.2287731
0.0986457 0.2042669
0.0881974 0.1791236
0.0788647 0.1534529
0.0690319 0.1285563
0.0606890 0.1031090
0.0515102 0.0774398
0.0412684 0.0522662
0.0303791 0.0274248
0.0185832 0.0030913

0.9468565 0.1251803
0.9233220 0.1324127
0.9000075 0.1400803
0.8768912 0.1481400
0.8536433 0.1559713
0.8308643 0.1656250
0.8078220 0.1747268
0.7845189 0.1829920
0.7606974 0.1898060
0.7369026 0.1966636
0.7133213 0.2042447
0.6901305 0.2128436
0.6674187 0.2224058
0.6444028 0.2312904
0.6214969 0.2404429
0.5990910 0.2508469
0.5768866 0.2619706
0.5548194 0.2733303
0.5323379 0.2837872
0.5094005 0.2932085
0.4861095 0.3015011
0.4630058 0.3102886
0.4393785 0.3177535
0.4155249 0.3246394
0.3914487 0.3305185
0.3670756 0.3351309
0.3428219 0.3402860
0.3188233 0.3466156
0.2948430 0.3529971
0.2707359 0.3585840
0.2466252 0.3641492
0.2226184 0.3703775
0.1986477 0.3768556
0.1745714 0.3829974
0.1504945 0.3891365
0.1265580 0.3957576
0.1027773 0.4029182
0.0789957 0.4100760
0.0552086 0.4172238
0.0314239 0.4243813

0.2997541 0.9476931
0.2978354 0.9262164
0.2954725 0.9047440
0.2892547 0.8811688
0.2828281 0.8574398
0.2759091 0.8336458
0.2687493 0.8098520
0.2607824 0.7864867
0.2524793 0.7634452
0.2446969 0.7397741
0.2362828 0.7162727
0.2285014 0.6931231
0.2199966 0.6698467
0.2118769 0.6463218
0.2033264 0.6229193
0.1940681 0.5996790
0.1851241 0.5763047
0.1767712 0.5527188
0.1693536 0.5288712
0.1621436 0.5049289
0.1548722 0.4809342
0.1484069 0.4567584
0.1424298 0.4324879
0.1358814 0.4083233
0.1295239 0.3840874
0.1234476 0.3597919
0.1178556 0.3353906
0.1123651 0.3109713
0.1068735 0.2865596
0.1018085 0.2621250
0.0961382 0.2378118
0.0903644 0.2134525
0.0845465 0.1890759
0.0786151 0.1647397
0.0724151 0.1404687
0.0666887 0.1160626
0.0610430 0.0917259
0.0554204 0.0674741
0.0478232 0.0449184
0.0396417 0.0231297

0.0834530 0.0290849
0.0870196 0.0522661
0.0904333 0.0752057
0.0953730 0.0989000
0.1014672 0.1226532
0.1075492 0.1464628
0.1118694 0.1702103
0.1162136 0.1934809
0.1194802 0.2162159
0.1246022 0.2397938
0.1345080 0.2616384
0.1466147 0.2805007
0.1577517 0.3014720
0.1685171 0.3228885
0.1819104 0.3398408
0.1890038 0.3626812
0.1954707 0.3860348
0.2032346 0.4094530
0.2113932 0.4329316
0.2191065 0.4565559
0.2255451 0.4804785
0.2316680 0.5044933
0.2359055 0.5288375
0.2388203 0.5534198
0.2416490 0.5780326
0.2443322 0.6026686
0.2478625 0.6270812
0.2515815 0.6514378
0.2526978 0.6760924
0.2523066 0.7007377
0.2504963 0.7254653
0.2480115 0.7501337
0.2451056 0.7747369
0.2427486 0.7993822
0.2371875 0.8226611
0.2319945 0.8455410
0.2279519 0.8680502
0.2229416 0.8907663
0.2162559 0.9131826
0.2064099 0.9348409

0.2702524 0.1308839
0.2742622 0.1439384
0.2782720 0.1569929
0.2822818 0.1700474
0.2862917 0.1831019
0.2903015 0.1961564
0.2943113 0.2092109
0.2986976 0.2221673
0.3032964 0.2350683
0.3078953 0.2479693
0.3124941 0.2608703
0.3170929 0.2737714
0.3216592 0.2866867
0.3261868 0.2996192
0.3307144 0.3125517
0.3352420 0.3254843
0.3397696 0.3384168
0.3449010 0.3510867
0.3507857 0.3634289
0.3566704 0.3757712
0.3625551 0.3881135
0.3684806 0.4005527
0.3743668 0.4128823
0.3826263 0.4231629
0.3915969 0.4328295
0.4005675 0.4424962
0.4095382 0.4521628
0.4185088 0.4618294
0.4274794 0.4714960
0.4363920 0.4811943
0.4451156 0.4909957
0.4538393 0.5007970
0.4625629 0.5105984
0.4712866 0.5203998
0.4804493 0.5291984
0.4899626 0.5371961
0.4994759 0.5451938
0.5089892 0.5531916
0.5185026 0.5611893
0.5280159 0.5691870

0.0327295 0.4402917
0.0588316 0.4403056
0.0839021 0.4397525
0.1088110 0.4388837
0.1345245 0.4427429
0.1624381 0.4420820
0.1905489 0.4433668
0.2184065 0.4415906
0.2455786 0.4397021
0.2716141 0.4358839
0.2956182 0.4251173
0.3191821 0.4112602
0.3434131 0.3982170
0.3684429 0.3875585
0.3919632 0.3733092
0.4161680 0.3615142
0.4416896 0.3531519
0.4669286 0.3429511
0.4912054 0.3301676
0.5148656 0.3175309
0.5407677 0.3101549
0.5676203 0.3053451
0.5944439 0.3003798
0.6197714 0.2912040
0.6418423 0.2765913
0.6602125 0.2568303
0.6807211 0.2416427
0.7039872 0.2309783
0.7260896 0.2187430
0.7466558 0.2024138
0.7648075 0.1814394
0.7827315 0.1605553
0.8018279 0.1411847
0.8227159 0.1242684
0.8487481 0.1164065
0.8705282 0.1002451
0.8905703 0.0804644
0.9112668 0.0612366
0.9338681 0.0482513
0.9580687 0.0379855

0.0727273 0.0825455
0.0949235 0.0820082
0.1171198 0.0814709
0.1393160 0.0809337
0.1615123 0.0803964
0.1837085 0.0798591
0.2059048 0.0793219
0.2281011 0.0787846
0.2502973 0.0782473
0.2724936 0.0777101
0.2946898 0.0771728
0.3168861 0.0766356
0.3390823 0.0760983
0.3612786 0.0755610
0.3834749 0.0750238
0.4056855 0.0740875
0.4279069 0.0728509
0.4501283 0.0716142
0.4723497 0.0703775
0.4945711 0.0691408
0.5167926 0.0679041
0.5390140 0.0666675
0.5612354 0.0654308
0.5834568 0.0641941
0.6057451 0.0635402
0.6281112 0.0635646
0.6504783 0.0635743
0.6728457 0.0635801
0.6952131 0.0635858
0.7175806 0.0635915
0.7399487 0.0636370
0.7623180 0.0637581
0.7846873 0.0638793
0.8070567 0.0640004
0.8294260 0.0641216
0.8517954 0.0642427
0.8741647 0.0643638
0.8965341 0.0644850
0.9189034 0.0646061
0.9412727 0.0647273

0.2389861 0.1897488
0.2476456 0.1984744
0.2563052 0.2072000
0.2649648 0.2159256
0.2736243 0.2246512
0.2822839 0.2333767
0.2909434 0.2421023
0.2996030 0.2508279
0.3082626 0.2595535
0.3185490 0.2668396
0.3289562 0.2740189
0.3393633 0.2811983
0.3497705 0.2883776
0.3601777 0.2955569
0.3705848 0.3027362
0.3809920 0.3099155
0.3913992 0.3170948
0.4018063 0.3242742
0.4122135 0.3314535
0.4226207 0.3386328
0.4330278 0.3458121
0.4434350 0.3529914
0.4538421 0.3601708
0.4642493 0.3673501
0.4746565 0.3745294
0.4850636 0.3817087
0.4954708 0.3888880
0.5058780 0.3960673
0.5162851 0.4032467
0.5266923 0.4104260
0.5370995 0.4176053
0.5475066 0.4247846
0.5579138 0.4319639
0.5683210 0.4391432
0.5787281 0.4463226
0.5891183 0.4535245
0.5989829 0.4614279
0.6088475 0.4693312
0.6187122 0.4772346
0.6285768 0.4851380

0.9747626 0.0027858
0.9509243 0.0088304
0.9270860 0.0148749
0.9032477 0.0209194
0.8793411 0.0267225
0.8553968 0.0323920
0.8314524 0.0380614
0.8075080 0.0437309
0.7835636 0.0494004
0.7596192 0.0550699
0.7356749 0.0607393
0.7117305 0.0664088
0.6877861 0.0720783
0.6638417 0.0777478
0.6398973 0.0834172
0.6159529 0.0890867
0.5920086 0.0947562
0.5680642 0.1004256
0.5441198 0.1060951
0.5201754 0.1117646
0.4962310 0.1174341
0.4722867 0.1231035
0.4483423 0.1287730
0.4243979 0.1344425
0.4004535 0.1401119
0.3765091 0.1457814
0.3525647 0.1514509
0.3286204 0.1571204
0.3046760 0.1627898
0.2807316 0.1684593
0.2567872 0.1741288
0.2328428 0.1797982
0.2088985 0.1854677
0.1849541 0.1911372
0.1610097 0.1968067
0.1370653 0.2024761
0.1131209 0.2081456
0.0891765 0.2138151
0.0652322 0.2194846
0.0412878 0.2251540

0.9665297 0.0336463
0.9432238 0.0385612
0.9199178 0.0434761
0.8966118 0.0483910
0.8733415 0.0533883
0.8502628 0.0593983
0.8271841 0.0654084
0.8041054 0.0714184
0.7810268 0.0774284
0.7579480 0.0834385
0.7348693 0.0894485
0.7117906 0.0954585
0.6887119 0.1014686
0.6656332 0.1074786
0.6425545 0.1134886
0.6194758 0.1194986
0.5963971 0.1255087
0.5733191 0.1315215
0.5502428 0.1375419
0.5271665 0.1435624
0.5040902 0.1495829
0.4810140 0.1556034
0.4579377 0.1616238
0.4348614 0.1676443
0.4117851 0.1736648
0.3886730 0.1795489
0.3654763 0.1851115
0.3422797 0.1906742
0.3190830 0.1962368
0.2958864 0.2017995
0.2726897 0.2073621
0.2494930 0.2129248
0.2262964 0.2184874
0.2030997 0.2240500
0.1799031 0.2296127
0.1567064 0.2351753
0.1335097 0.2407380
0.1103131 0.2463006
0.0871164 0.2518632
0.0639197 0.2574259

0.1265207 0.0846154
0.1241127 0.1063322
0.1217048 0.1280490
0.1192968 0.1497658
0.1168889 0.1714826
0.1144809 0.1931994
0.1120730 0.2149162
0.1096650 0.2366330
0.1072571 0.2583497
0.1048491 0.2800665
0.1024411 0.3017834
0.1000332 0.3235001
0.0976252 0.3452170
0.0952173 0.3669338
0.0928093 0.3886505
0.0904014 0.4103673
0.0879934 0.4320841
0.0855855 0.4538009
0.0831775 0.4755177
0.0807695 0.4972345
0.0783616 0.5189513
0.0759536 0.5406681
0.0735457 0.5623849
0.0711377 0.5841017
0.0687298 0.6058185
0.0663218 0.6275353
0.0639139 0.6492521
0.0615059 0.6709689
0.0590980 0.6926857
0.0566900 0.7144025
0.0542820 0.7361193
0.0518741 0.7578361
0.0494661 0.7795529
0.0470582 0.8012697
0.0446502 0.8229865
0.0422423 0.8447033
0.0398343 0.8664201
0.0374264 0.8881369
0.0350184 0.9098537
0.0326104 0.9315705

0.1090704 0.0130704
0.1297910 0.0181466
0.1505115 0.0232228
0.1712320 0.0282990
0.1919525 0.0333752
0.2126730 0.0384514
0.2333935 0.0435275
0.2541140 0.0486037
0.2748345 0.0536799
0.2955551 0.0587561
0.3162756 0.0638323
0.3369961 0.0689085
0.3577166 0.0739846
0.3784371 0.0790608
0.3991576 0.0841370
0.4198781 0.0892132
0.4405986 0.0942894
0.4613191 0.0993656
0.4820397 0.1044417
0.5027602 0.1095179
0.5234776 0.1146049
0.5441660 0.1197917
0.5648545 0.1249784
0.5855430 0.1301652
0.6062315 0.1353519
0.6269199 0.1405387
0.6476085 0.1457254
0.6682969 0.1509122
0.6889854 0.1560989
0.7096739 0.1612857
0.7303624 0.1664724
0.7510508 0.1716592
0.7717393 0.1768460
0.7924278 0.1820327
0.8131163 0.1872195
0.8339632 0.1915507
0.8548245 0.1958039
0.8756858 0.2000571
0.8965471 0.2043102
0.9174084 0.2085634

0.9700521 0.2823661
0.9469454 0.2751516
0.9238388 0.2679371
0.9007321 0.2607226
0.8776254 0.2535081
0.8545188 0.2462936
0.8314121 0.2390791
0.8083055 0.2318646
0.7851988 0.2246500
0.7620921 0.2174355
0.7389704 0.2102752
0.7158389 0.2031498
0.6927075 0.1960244
0.6695761 0.1888990
0.6464446 0.1817736
0.6233132 0.1746482
0.6001818 0.1675228
0.5770503 0.1603974
0.5539189 0.1532720
0.5307874 0.1461466
0.5076560 0.1390211
0.4845246 0.1318957
0.4613931 0.1247703
0.4382617 0.1176449
0.4151302 0.1105195
0.3919988 0.1033941
0.3688673 0.0962687
0.3457359 0.0891433
0.3226045 0.0820179
0.2994730 0.0748925
0.2763416 0.0677671
0.2532101 0.0606417
0.2300787 0.0535163
0.2068926 0.0466040
0.1836952 0.0397357
0.1604979 0.0328675
0.1373005 0.0259992
0.1141031 0.0191309
0.0909057 0.0122626
0.0677083 0.0053943

0.2151163 0.8729875
0.2127336 0.8550701
0.2103509 0.8371527
0.2079682 0.8192353
0.2055854 0.8013179
0.2032027 0.7834005
0.2008200 0.7654830
0.1984373 0.7475657
0.1960546 0.7296483
0.1936719 0.7117308
0.1912892 0.6938134
0.1889065 0.6758960
0.1865238 0.6579786
0.1841411 0.6400612
0.1817584 0.6221438
0.1793757 0.6042264
0.1769930 0.5863090
0.1746103 0.5683916
0.1722276 0.5504742
0.1698448 0.5325568
0.1674621 0.5146394
0.1650794 0.4967220
0.1626967 0.4788046
0.1603140 0.4608872
0.1579313 0.4429698
0.1555486 0.4250524
0.1531659 0.4071350
0.1507832 0.3892176
0.1484005 0.3713002
0.1460178 0.3533828
0.1436351 0.3354654
0.1412524 0.3175480
0.1388697 0.2996306
0.1364870 0.2817132
0.1341043 0.2637958
0.1317215 0.2458784
0.1293388 0.2279610
0.1269561 0.2100436
0.1272810 0.1926705
0.1276834 0.1753131

0.7844798 0.1256443
0.7718221 0.1238618
0.7591645 0.1220793
0.7465068 0.1202967
0.7338492 0.1185142
0.7211915 0.1167316
0.7085339 0.1149491
0.6958762 0.1131666
0.6832186 0.1113840
0.6705609 0.1096015
0.6579033 0.1078190
0.6452456 0.1060364
0.6325880 0.1042539
0.6199303 0.1024714
0.6072727 0.1006888
0.5946150 0.0989063
0.5819574 0.0971237
0.5692997 0.0953412
0.5566421 0.0935587
0.5439844 0.0917761
0.5313268 0.0899936
0.5186691 0.0882111
0.5060115 0.0864285
0.4933539 0.0846460
0.4806962 0.0828635
0.4680386 0.0810809
0.4553809 0.0792984
0.4427233 0.0775158
0.4300656 0.0757333
0.4174080 0.0739508
0.4047503 0.0721682
0.3920927 0.0703857
0.3794350 0.0686032
0.3667774 0.0668206
0.3541197 0.0650381
0.3414621 0.0632555
0.3288044 0.0614730
0.3161468 0.0596905
0.3034892 0.0579079
0.2908315 0.0561254

0.0385356 0.7215695
0.0617549 0.7038792
0.0849741 0.6861888
0.1081933 0.6684985
0.1314125 0.6508082
0.1546317 0.6331179
0.1778509 0.6154276
0.2010701 0.5977373
0.2242894 0.5800470
0.2475086 0.5623567
0.2707278 0.5446663
0.2939470 0.5269760
0.3171662 0.5092857
0.3403854 0.4915954
0.3636046 0.4739051
0.3868239 0.4562148
0.4100431 0.4385245
0.4332623 0.4208342
0.4564815 0.4031439
0.4797007 0.3854536
0.5028869 0.3677199
0.5260601 0.3499693
0.5492277 0.3322114
0.5723134 0.3143477
0.5953418 0.2964089
0.6183701 0.2784702
0.6413984 0.2605315
0.6644268 0.2425928
0.6874551 0.2246541
0.7104834 0.2067153
0.7335117 0.1887766
0.7565401 0.1708379
0.7795684 0.1528992
0.8025967 0.1349604
0.8256251 0.1170217
0.8486534 0.0990830
0.8716817 0.0811443
0.8947101 0.0632055
0.9177384 0.0452668
0.9407667 0.0273281

0.8518207 0.3516116
0.8312476 0.3473481
0.8106745 0.3430846
0.7901014 0.3388212
0.7695283 0.3345577
0.7489552 0.3302942
0.7283821 0.3260307
0.7079544 0.3210150
0.6875309 0.3159769
0.6671075 0.3109388
0.6466841 0.3059007
0.6262606 0.3008626
0.6058372 0.2958246
0.5854138 0.2907865
0.5649903 0.2857484
0.5445669 0.2807103
0.5241435 0.2756723
0.5037201 0.2706342
0.4832966 0.2655961
0.4628732 0.2605580
0.4424498 0.2555199
0.4220263 0.2504819
0.4016029 0.2454438
0.3811795 0.2404057
0.3607560 0.2353676
0.3403326 0.2303296
0.3199092 0.2252915
0.2994858 0.2202534
0.2790623 0.2152153
0.2586389 0.2101772
0.2382155 0.2051392
0.2177920 0.2001011
0.1973686 0.1950630
0.1769452 0.1900249
0.1565217 0.1849868
0.1360983 0.1799488
0.1156749 0.1749107
0.0952515 0.1698726
0.0748280 0.1648345
0.0544046 0.1597965

0.4677584 0.9406346
0.4571809 0.9189382
0.4466034 0.8972417
0.4360259 0.8755453
0.4254484 0.8538489
0.4148708 0.8321524
0.4042933 0.8104560
0.3937158 0.7887596
0.3831383 0.7670632
0.3725607 0.7453667
0.3619832 0.7236703
0.3514057 0.7019739
0.3408282 0.6802774
0.3302507 0.6585810
0.3196731 0.6368846
0.3090956 0.6151881
0.2985181 0.5934917
0.2879406 0.5717953
0.2773630 0.5500989
0.2667855 0.5284024
0.2562080 0.5067060
0.2456305 0.4850096
0.2350530 0.4633131
0.2244754 0.4416167
0.2138979 0.4199203
0.2032689 0.3982564
0.1921128 0.3769255
0.1809566 0.3555947
0.1698005 0.3342639
0.1586443 0.3129330
0.1474882 0.2916022
0.1363320 0.2702714
0.1251759 0.2489405
0.1140198 0.2276097
0.1028636 0.2062789
0.0917075 0.1849480
0.0805513 0.1636172
0.0693952 0.1422864
0.0582390 0.1209555
0.0470829 0.0996247

0.1355964 0.3005008
0.1563075 0.2937534
0.1770186 0.2870060
0.1977297 0.2802586
0.2184408 0.2735111
0.2391520 0.2667637
0.2598631 0.2600163
0.2805742 0.2532688
0.3012853 0.2465214
0.3219965 0.2397740
0.3427076 0.2330266
0.3634187 0.2262791
0.3841298 0.2195317
0.4048409 0.2127843
0.4255485 0.2060263
0.4462497 0.1992491
0.4669509 0.1924718
0.4876520 0.1856945
0.5083532 0.1789172
0.5290543 0.1721400
0.5497555 0.1653627
0.5704566 0.1585854
0.5911578 0.1518081
0.6118589 0.1450308
0.6325601 0.1382536
0.6532613 0.1314763
0.6739624 0.1246990
0.6946636 0.1179217
0.7153647 0.1111444
0.7360659 0.1043672
0.7567671 0.0975899
0.7774682 0.0908126
0.7981694 0.0840353
0.8187398 0.0769375
0.8391186 0.0693703
0.8594974 0.0618030
0.8798763 0.0542358
0.9002551 0.0466685
0.9206340 0.0391013
0.9410128 0.0315340

0.8475966 0.0409928
0.8282166 0.0464450
0.8088366 0.0518973
0.7894565 0.0573495
0.7700765 0.0628017
0.7506965 0.0682540
0.7313165 0.0737062
0.7119364 0.0791584
0.6925564 0.0846106
0.6731764 0.0900629
0.6537964 0.0955151
0.6344163 0.1009673
0.6150363 0.1064195
0.5956563 0.1118718
0.5762763 0.1173240
0.5568962 0.1227762
0.5375162 0.1282285
0.5181362 0.1336807
0.4987562 0.1391329
0.4793762 0.1445851
0.4599961 0.1500374
0.4406161 0.1554896
0.4212361 0.1609418
0.4018561 0.1663940
0.3824760 0.1718463
0.3630960 0.1772985
0.3437160 0.1827507
0.3243360 0.1882029
0.3049560 0.1936552
0.2855759 0.1991074
0.2661611 0.2044464
0.2467454 0.2097824
0.2273297 0.2151185
0.2079139 0.2204545
0.1884982 0.2257906
0.1690825 0.2311266
0.1496668 0.2364627
0.1302510 0.2417987
0.1108353 0.2471347
0.0914196 0.2524708

0.1279863 0.2721699
0.1455952 0.2672817
0.1632040 0.2623935
0.1808128 0.2575052
0.1984217 0.2526170
0.2160305 0.2477288
0.2336393 0.2428406
0.2512482 0.2379523
0.2688570 0.2330641
0.2864658 0.2281759
0.3040747 0.2232876
0.3216835 0.2183994
0.3392923 0.2135112
0.3569011 0.2086229
0.3745100 0.2037347
0.3921188 0.1988465
0.4097276 0.1939583
0.4273365 0.1890700
0.4449453 0.1841818
0.4625541 0.1792936
0.4801630 0.1744053
0.4977718 0.1695171
0.5153806 0.1646289
0.5329895 0.1597407
0.5505983 0.1548524
0.5682071 0.1499642
0.5858160 0.1450760
0.6034248 0.1401877
0.6210336 0.1352995
0.6386425 0.1304113
0.6562513 0.1255231
0.6738983 0.1207583
0.6915642 0.1160547
0.7092301 0.1113511
0.7268960 0.1066474
0.7445620 0.1019438
0.7622279 0.0972402
0.7798938 0.0925366
0.7975597 0.0878330
0.8152256 0.0831293

0.9023837 0.0408627
0.8821682 0.0464235
0.8619528 0.0519844
0.8417373 0.0575453
0.8215219 0.0631062
0.8012766 0.0685537
0.7809303 0.0733499
0.7606079 0.0784123
0.7403111 0.0836768
0.7200143 0.0889414
0.6997176 0.0942060
0.6794208 0.0994706
0.6591240 0.1047352
0.6388272 0.1099998
0.6185162 0.1152087
0.5981758 0.1203022
0.5778353 0.1253956
0.5574949 0.1304890
0.5371544 0.1355825
0.5168254 0.1407163
0.4965175 0.1459235
0.4762181 0.1511706
0.4559247 0.1564440
0.4356314 0.1617174
0.4153273 0.1669485
0.3949965 0.1720742
0.3746658 0.1772000
0.3543384 0.1823394
0.3339770 0.1873579
0.3136100 0.1923561
0.2932430 0.1973543
0.2728760 0.2023525
0.2525090 0.2073507
0.2321420 0.2123490
0.2117750 0.2173472
0.1914080 0.2223454
0.1710410 0.2273436
0.1506740 0.2323418
0.1303070 0.2373400
0.1099400 0.2423383

0.8500116 0.0814156
0.8321495 0.0864174
0.8142873 0.0914191
0.7964239 0.0964168
0.7785606 0.1014146
0.7606972 0.1064124
0.7428339 0.1114102
0.7249705 0.1164080
0.7071072 0.1214058
0.6892438 0.1264036
0.6713805 0.1314014
0.6535136 0.1363870
0.6356448 0.1413663
0.6177683 0.1463173
0.5998912 0.1512659
0.5820140 0.1562144
0.5641369 0.1611629
0.5462597 0.1661114
0.5283825 0.1710599
0.5105054 0.1760084
0.4926282 0.1809570
0.4747289 0.1858124
0.4568374 0.1906947
0.4389533 0.1956029
0.4210296 0.2003644
0.4031014 0.2051095
0.3851732 0.2098547
0.3672450 0.2145998
0.3493168 0.2193450
0.3313886 0.2240902
0.3134604 0.2288353
0.2955322 0.2335805
0.2776041 0.2383256
0.2596759 0.2430708
0.2417238 0.2476800
0.2237603 0.2522235
0.2057967 0.2567670
0.1878332 0.2613105
0.1698696 0.2658540
0.1519061 0.2703975

0.5070903 0.1799921
0.5047067 0.1802749
0.5023230 0.1805577
0.4999394 0.1808405
0.4975557 0.1811233
0.4951721 0.1814061
0.4927885 0.1816889
0.4904048 0.1819717
0.4880211 0.1822545
0.4856375 0.1825373
0.4832539 0.1828202
0.4808702 0.1831030
0.4784866 0.1833858
0.4761029 0.1836686
0.4737193 0.1839514
0.4713356 0.1842342
0.4689520 0.1845170
0.4665684 0.1847998
0.4641847 0.1850826
0.4618011 0.1853654
0.4594174 0.1856482
0.4570338 0.1859310
0.4546501 0.1862138
0.4522665 0.1864966
0.4498828 0.1867794
0.4474992 0.1870622
0.4451156 0.1873450
0.4427319 0.1876278
0.4403483 0.1879107
0.4379646 0.1881935
0.4355810 0.1884763
0.4331973 0.1887591
0.4308137 0.1890419
0.4284300 0.1893247
0.4260464 0.1896075
0.4236627 0.1898903
0.4212791 0.1901731
0.4188955 0.1904559
0.4165118 0.1907387
0.4141282 0.1910215

0.0982518 0.1428649
0.1082330 0.1621645
0.1182143 0.1814642
0.1281955 0.2007638
0.1381767 0.2200635
0.1481579 0.2393631
0.1581391 0.2586628
0.1681203 0.2779624
0.1781015 0.2972621
0.1880827 0.3165617
0.1980639 0.3358613
0.2080452 0.3551610
0.2180264 0.3744606
0.2280076 0.3937603
0.2379888 0.4130599
0.2479700 0.4323596
0.2579512 0.4516592
0.2679324 0.4709588
0.2779136 0.4902585
0.2878948 0.5095581
0.2978761 0.5288578
0.3074198 0.5483582
0.3167036 0.5679780
0.3259873 0.5875978
0.3352710 0.6072176
0.3445548 0.6268374
0.3538385 0.6464572
0.3631222 0.6660769
0.3724060 0.6856967
0.3816897 0.7053165
0.3909734 0.7249363
0.4002571 0.7445561
0.4095409 0.7641759
0.4195315 0.7833732
0.4295520 0.8025527
0.4395725 0.8217321
0.4495931 0.8409116
0.4596136 0.8600911
0.4696342 0.8792705
0.4796547 0.8984500

0.0160323 0.9598540
0.0180676 0.9362863
0.0201028 0.9127186
0.0221380 0.8891509
0.0241733 0.8655832
0.0262085 0.8420155
0.0282437 0.8184477
0.0302790 0.7948800
0.0323142 0.7713123
0.0343494 0.7477446
0.0363847 0.7241769
0.0384199 0.7006092
0.0404551 0.6770415
0.0424904 0.6534737
0.0445256 0.6299060
0.0465608 0.6063383
0.0485961 0.5827706
0.0506313 0.5592029
0.0526665 0.5356351
0.0547018 0.5120674
0.0567370 0.4884997
0.0587722 0.4649320
0.0608075 0.4413643
0.0628427 0.4177966
0.0648779 0.3942289
0.0669132 0.3706612
0.0689484 0.3470934
0.0709836 0.3235257
0.0730189 0.2999580
0.0750541 0.2763903
0.0770893 0.2528226
0.0791246 0.2292549
0.0811598 0.2056871
0.0831950 0.1821194
0.0852303 0.1585517
0.0896475 0.1359374
0.0954551 0.1138795
0.1012628 0.0918217
0.1070704 0.0697638
0.1128780 0.0477060

0.6968912 0.8570812
0.6918040 0.8495723
0.6839208 0.8376728
0.6738958 0.8224099
0.6638708 0.8071471
0.6538458 0.7918843
0.6438208 0.7766215
0.6337957 0.7613587
0.6237707 0.7460959
0.6137457 0.7308331
0.6037207 0.7155702
0.5936957 0.7003074
0.5836707 0.6850446
0.5736457 0.6697818
0.5636206 0.6545190
0.5535956 0.6392561
0.5435706 0.6239933
0.5335456 0.6087305
0.5235206 0.5934677
0.5134956 0.5782049
0.5034705 0.5629421
0.4934455 0.5476793
0.4834205 0.5324165
0.4733955 0.5171536
0.4633705 0.5018908
0.4533455 0.4866280
0.4433205 0.4713652
0.4332954 0.4561024
0.4232704 0.4408396
0.4132454 0.4255768
0.4032204 0.4103139
0.3931954 0.3950511
0.3831704 0.3797883
0.3731453 0.3645255
0.3631203 0.3492627
0.3530953 0.3339999
0.3430703 0.3187370
0.3330453 0.3034742
0.3230203 0.2882114
0.3164940 0.2819516

0.2976996 0.9204846
0.2916289 0.8989489
0.2861746 0.8768105
0.2806085 0.8548114
0.2743819 0.8336090
0.2688906 0.8114790
0.2633993 0.7893491
0.2579080 0.7672191
0.2524167 0.7450891
0.2469254 0.7229592
0.2414341 0.7008292
0.2359428 0.6786993
0.2304515 0.6565693
0.2249602 0.6344393
0.2194689 0.6123094
0.2139776 0.5901794
0.2084863 0.5680494
0.2029950 0.5459195
0.1975037 0.5237895
0.1920124 0.5016596
0.1865211 0.4795296
0.1810298 0.4573996
0.1755385 0.4352697
0.1702563 0.4131000
0.1652293 0.3908817
0.1602024 0.3686634
0.1551755 0.3464451
0.1501486 0.3242267
0.1451216 0.3020084
0.1400947 0.2797901
0.1350678 0.2575718
0.1300408 0.2353534
0.1250139 0.2131351
0.1199870 0.1909168
0.1149600 0.1686985
0.1099331 0.1464801
0.1049062 0.1242618
0.0998792 0.1020435
0.0948523 0.0798251
0.0898254 0.0576068

0.0850074 0.9516369
0.0903207 0.9287098
0.0956340 0.9057826
0.1009472 0.8828555
0.1062605 0.8599283
0.1115738 0.8370011
0.1168870 0.8140740
0.1222003 0.7911468
0.1275135 0.7682196
0.1328268 0.7452925
0.1381401 0.7223653
0.1434533 0.6994382
0.1487666 0.6765110
0.1540799 0.6535838
0.1593931 0.6306567
0.1647064 0.6077295
0.1700196 0.5848024
0.1753329 0.5618752
0.1806462 0.5389481
0.1859594 0.5160209
0.1912727 0.4930937
0.1965860 0.4701666
0.2018992 0.4472394
0.2072125 0.4243122
0.2125258 0.4013851
0.2178390 0.3784579
0.2231523 0.3555308
0.2284655 0.3326036
0.2337788 0.3096765
0.2390921 0.2867493
0.2444053 0.2638221
0.2497186 0.2408950
0.2550319 0.2179678
0.2603451 0.1950407
0.2656584 0.1721135
0.2709717 0.1491863
0.2762849 0.1262592
0.2815982 0.1033320
0.2869114 0.0804049
0.2922247 0.0574777

0.0318799 0.1722659
0.0425912 0.1922048
0.0548172 0.2117015
0.0675933 0.2310376
0.0803693 0.2503738
0.0931454 0.2697099
0.1059214 0.2890461
0.1186975 0.3083823
0.1314735 0.3277184
0.1442496 0.3470546
0.1570257 0.3663907
0.1698017 0.3857269
0.1825778 0.4050630
0.1953538 0.4243992
0.2081299 0.4437353
0.2209059 0.4630715
0.2336820 0.4824077
0.2464580 0.5017438
0.2592341 0.5210800
0.2720034 0.5404206
0.2847078 0.5598041
0.2974121 0.5791877
0.3101164 0.5985712
0.3228207 0.6179548
0.3355251 0.6373383
0.3482294 0.6567219
0.3609337 0.6761054
0.3736381 0.6954889
0.3863424 0.7148725
0.3990467 0.7342560
0.4117511 0.7536396
0.4244554 0.7730231
0.4371597 0.7924067
0.4498641 0.8117902
0.4625684 0.8311738
0.4752727 0.8505573
0.4879771 0.8699409
0.5006814 0.8893244
0.5133857 0.9087079
0.5260901 0.9280915

0.0639148 0.0671373
0.0857521 0.0665349
0.1075895 0.0659324
0.1294268 0.0653299
0.1512641 0.0647275
0.1731014 0.0641250
0.1949388 0.0635226
0.2167761 0.0629201
0.2386134 0.0623176
0.2604508 0.0617152
0.2822881 0.0611127
0.3041254 0.0605102
0.3259627 0.0599078
0.3478001 0.0593053
0.3696374 0.0587028
0.3914747 0.0581004
0.4133121 0.0574979
0.4351494 0.0568954
0.4569867 0.0562930
0.4788241 0.0556905
0.5006614 0.0550881
0.5224987 0.0544856
0.5443361 0.0538831
0.5661734 0.0532807
0.5880107 0.0526782
0.6098480 0.0520757
0.6316854 0.0514733
0.6535227 0.0508708
0.6753600 0.0502683
0.6971974 0.0496659
0.7190347 0.0490634
0.7408720 0.0484609
0.7627094 0.0478585
0.7845467 0.0472560
0.8063840 0.0466536
0.8282213 0.0460511
0.8500587 0.0454486
0.8718960 0.0448462
0.8937333 0.0442437
0.9155706 0.0436412

0.0804261 0.8878828
0.0792209 0.8683021
0.0780156 0.8487214
0.0768104 0.8291406
0.0756052 0.8095599
0.0743999 0.7899792
0.0731947 0.7703984
0.0719895 0.7508177
0.0707843 0.7312370
0.0695790 0.7116563
0.0683738 0.6920755
0.0671686 0.6724948
0.0659633 0.6529141
0.0647581 0.6333333
0.0635529 0.6137526
0.0623476 0.5941719
0.0611424 0.5745911
0.0599372 0.5550104
0.0587319 0.5354297
0.0575267 0.5158490
0.0563215 0.4962682
0.0551163 0.4766875
0.0539110 0.4571068
0.0527058 0.4375260
0.0515006 0.4179453
0.0502953 0.3983646
0.0490901 0.3787839
0.0478849 0.3592031
0.0466796 0.3396224
0.0454744 0.3200417
0.0442692 0.3004609
0.0430639 0.2808802
0.0418587 0.2612995
0.0406535 0.2417187
0.0394483 0.2221380
0.0382430 0.2025573
0.0370378 0.1829766
0.0358326 0.1633958
0.0346273 0.1438151
0.0334221 0.1242344

0.1556187 0.3573232
0.1593517 0.3696136
0.1627185 0.3816696
0.1645485 0.3927421
0.1663785 0.4038145
0.1682085 0.4148870
0.1700386 0.4259595
0.1718686 0.4370320
0.1736986 0.4481044
0.1755286 0.4591769
0.1773587 0.4702494
0.1791887 0.4813218
0.1810187 0.4923943
0.1828487 0.5034668
0.1846787 0.5145393
0.1865088 0.5256117
0.1883388 0.5366842
0.1901688 0.5477566
0.1919988 0.5588291
0.1938289 0.5699016
0.1956589 0.5809741
0.1974889 0.5920465
0.1993189 0.6031190
0.2011489 0.6141915
0.2029790 0.6252640
0.2048090 0.6363364
0.2066390 0.6474089
0.2084690 0.6584814
0.2102990 0.6695538
0.2121291 0.6806263
0.2139591 0.6916988
0.2157891 0.7027713
0.2176191 0.7138437
0.2194492 0.7249162
0.2212792 0.7359887
0.2231092 0.7470611
0.2249392 0.7581336
0.2267692 0.7692061
0.2285993 0.7802785
0.2304293 0.7913510

0.9524147 0.0115970
0.9292882 0.0257073
0.9061617 0.0398176
0.8830352 0.0539279
0.8599087 0.0680382
0.8367822 0.0821485
0.8136556 0.0962588
0.7905291 0.1103691
0.7674026 0.1244794
0.7442761 0.1385897
0.7211496 0.1527000
0.6980231 0.1668103
0.6748966 0.1809206
0.6517701 0.1950309
0.6286436 0.2091413
0.6055171 0.2232516
0.5823906 0.2373619
0.5592641 0.2514722
0.5361376 0.2655825
0.5130111 0.2796928
0.4898846 0.2938031
0.4667581 0.3079134
0.4434373 0.3216821
0.4199811 0.3352127
0.3965354 0.3487589
0.3731485 0.3623935
0.3497617 0.3760280
0.3263748 0.3896626
0.3029879 0.4032971
0.2796011 0.4169317
0.2562142 0.4305662
0.2328274 0.4442008
0.2094405 0.4578353
0.1860536 0.4714699
0.1626668 0.4851044
0.1392799 0.4987390
0.1158930 0.5123735
0.0925062 0.5260080
0.0691193 0.5396426
0.0457324 0.5532772

0.0563896 0.0908806
0.0783284 0.0995370
0.1002672 0.1081934
0.1222060 0.1168499
0.1441448 0.1255063
0.1660836 0.1341627
0.1880224 0.1428191
0.2099612 0.1514756
0.2319000 0.1601320
0.2538388 0.1687884
0.2757776 0.1774448
0.2977164 0.1861013
0.3196552 0.1947577
0.3415940 0.2034141
0.3635328 0.2120705
0.3854716 0.2207270
0.4074104 0.2293834
0.4293492 0.2380398
0.4512880 0.2466963
0.4732268 0.2553527
0.4951809 0.2639636
0.5171707 0.2724678
0.5391606 0.2809719
0.5611504 0.2894761
0.5831403 0.2979803
0.6051301 0.3064844
0.6271200 0.3149886
0.6491098 0.3234928
0.6710997 0.3319969
0.6930895 0.3405011
0.7150794 0.3490053
0.7370692 0.3575094
0.7590591 0.3660136
0.7810489 0.3745178
0.8030388 0.3830219
0.8250286 0.3915261
0.8470185 0.4000303
0.8690083 0.4085344
0.8909982 0.4170386
0.9129880 0.4255428

0.7894244 0.9051495
0.7732906 0.8820303
0.7571568 0.8589111
0.7410230 0.8357919
0.7248892 0.8126727
0.7087554 0.7895535
0.6926216 0.7664343
0.6764878 0.7433151
0.6603540 0.7201959
0.6442202 0.6970767
0.6280864 0.6739575
0.6119526 0.6508383
0.5958188 0.6277191
0.5796850 0.6045999
0.5635512 0.5814807
0.5474174 0.5583615
0.5312836 0.5352423
0.5151498 0.5121231
0.4989656 0.4890463
0.4812991 0.4670620
0.4633759 0.4452502
0.4452471 0.4235975
0.4268942 0.4021183
0.4085414 0.3806391
0.3901886 0.3591598
0.3718358 0.3376806
0.3534830 0.3162013
0.3351301 0.2947221
0.3167773 0.2732428
0.2984245 0.2517636
0.2800717 0.2302843
0.2617188 0.2088051
0.2433660 0.1873258
0.2250132 0.1658466
0.2066604 0.1443673
0.1883076 0.1228881
0.1699547 0.1014089
0.1516019 0.0799296
0.1332491 0.0584504
0.1148963 0.0369711

0.0905970 0.0791058
0.1113989 0.0813883
0.1322008 0.0836707
0.1530026 0.0859532
0.1738045 0.0882356
0.1946064 0.0905181
0.2154083 0.0928005
0.2362102 0.0950830
0.2570121 0.0973654
0.2778139 0.0996479
0.2986158 0.1019303
0.3194177 0.1042128
0.3402196 0.1064952
0.3610215 0.1087777
0.3818234 0.1110601
0.4026253 0.1133426
0.4234271 0.1156250
0.4442290 0.1179075
0.4650309 0.1201900
0.4858328 0.1224724
0.5066347 0.1247549
0.5274365 0.1270373
0.5482384 0.1293198
0.5690403 0.1316022
0.5898422 0.1338847
0.6106441 0.1361671
0.6314460 0.1384496
0.6522479 0.1407320
0.6730497 0.1430145
0.6938516 0.1452969
0.7146535 0.1475794
0.7354554 0.1498618
0.7562573 0.1521443
0.7770592 0.1544267
0.7978611 0.1567092
0.8186629 0.1589917
0.8394648 0.1612741
0.8602667 0.1635566
0.8810686 0.1658390
0.9018704 0.1681215

0.9526399 0.2508302
0.9294070 0.2470837
0.9061742 0.2433372
0.8829413 0.2395907
0.8597084 0.2358442
0.8364755 0.2320977
0.8132426 0.2283512
0.7900098 0.2246046
0.7667769 0.2208581
0.7435440 0.2171116
0.7203111 0.2133651
0.6970782 0.2096186
0.6738454 0.2058721
0.6506125 0.2021256
0.6273796 0.1983791
0.6041467 0.1946325
0.5809138 0.1908860
0.5576809 0.1871395
0.5344480 0.1833930
0.5112152 0.1796465
0.4879823 0.1759000
0.4647494 0.1721535
0.4415165 0.1684069
0.4182836 0.1646604
0.3950508 0.1609139
0.3718179 0.1571674
0.3485850 0.1534209
0.3253521 0.1496744
0.3021192 0.1459279
0.2788863 0.1421814
0.2556535 0.1384348
0.2324206 0.1346883
0.2091877 0.1309418
0.1859548 0.1271953
0.1627219 0.1234488
0.1394891 0.1197023
0.1162562 0.1159558
0.0930233 0.1122093
0.0697904 0.1084627
0.0465575 0.1047162

0.0791630 0.0045656
0.1010518 0.0128203
0.1229407 0.0210750
0.1448295 0.0293297
0.1667183 0.0375844
0.1886072 0.0458392
0.2104960 0.0540939
0.2323848 0.0623486
0.2542737 0.0706033
0.2761625 0.0788580
0.2980513 0.0871127
0.3199402 0.0953674
0.3418290 0.1036221
0.3637178 0.1118768
0.3856067 0.1201315
0.4074955 0.1283863
0.4293843 0.1366410
0.4512732 0.1448957
0.4731620 0.1531504
0.4950508 0.1614051
0.5169397 0.1696598
0.5391712 0.1770124
0.5616822 0.1836294
0.5841932 0.1902465
0.6067042 0.1968635
0.6292153 0.2034805
0.6516893 0.2102326
0.6741343 0.2170912
0.6965793 0.2239497
0.7190244 0.2308082
0.7414694 0.2376668
0.7639144 0.2445253
0.7863594 0.2513839
0.8088044 0.2582424
0.8312494 0.2651009
0.8536944 0.2719595
0.8761394 0.2788180
0.8985844 0.2856765
0.9210294 0.2925351
0.9434745 0.2993936

0.0172649 0.0511024
0.0316828 0.0740266
0.0461006 0.0969508
0.0605184 0.1198750
0.0749362 0.1427992
0.0893540 0.1657234
0.1037719 0.1886476
0.1181897 0.2115718
0.1326075 0.2344960
0.1470253 0.2574202
0.1614431 0.2803444
0.1758610 0.3032686
0.1902788 0.3261928
0.2046966 0.3491170
0.2191144 0.3720412
0.2335323 0.3949654
0.2479501 0.4178896
0.2623679 0.4408138
0.2767857 0.4637380
0.2912035 0.4866622
0.3056214 0.5095863
0.3199204 0.5325840
0.3342070 0.5555894
0.3484936 0.5785948
0.3627802 0.6016002
0.3770668 0.6246056
0.3913534 0.6476110
0.4056400 0.6706164
0.4199265 0.6936218
0.4342131 0.7166272
0.4484997 0.7396326
0.4627863 0.7626379
0.4770729 0.7856433
0.4913595 0.8086487
0.5056460 0.8316541
0.5199326 0.8546595
0.5342192 0.8776649
0.5485058 0.9006703
0.5627924 0.9236757
0.5770790 0.9466811

0.9277949 0.0161218
0.9053050 0.0290512
0.8828151 0.0419805
0.8603252 0.0549099
0.8378353 0.0678393
0.8153454 0.0807687
0.7928556 0.0936980
0.7703657 0.1066274
0.7478758 0.1195568
0.7253859 0.1324861
0.7028960 0.1454155
0.6804062 0.1583449
0.6579163 0.1712743
0.6354264 0.1842036
0.6129365 0.1971330
0.5904466 0.2100624
0.5679568 0.2229917
0.5454669 0.2359211
0.5229770 0.2488505
0.5004871 0.2617799
0.4779972 0.2747092
0.4555073 0.2876386
0.4330174 0.3005680
0.4105276 0.3134973
0.3880377 0.3264267
0.3655478 0.3393561
0.3430579 0.3522855
0.3205680 0.3652148
0.2980782 0.3781442
0.2755883 0.3910736
0.2530984 0.4040029
0.2306085 0.4169323
0.2081186 0.4298617
0.1856287 0.4427911
0.1631389 0.4557204
0.1406490 0.4686498
0.1181591 0.4815792
0.0956692 0.4945085
0.0731793 0.5074379
0.0506895 0.5203673

0.0000000 0.0000000
0.0162980 0.0223694
0.0325960 0.0447389
0.0488940 0.0671083
0.0651921 0.0894777
0.0814901 0.1118472
0.0977881 0.1342166
0.1140861 0.1565860
0.1303841 0.1789555
0.1466821 0.2013249
0.1629801 0.2236944
0.1792782 0.2460638
0.1955762 0.2684332
0.2118742 0.2908027
0.2281722 0.3131721
0.2444702 0.3355415
0.2607682 0.3579110
0.2770662 0.3802804
0.2933643 0.4026498
0.3096623 0.4250193
0.3259603 0.4473887
0.3422583 0.4697581
0.3585563 0.4921276
0.3748543 0.5144970
0.3911523 0.5368664
0.4074503 0.5592359
0.4237484 0.5816053
0.4400464 0.6039747
0.4563444 0.6263442
0.4726424 0.6487136
0.4889404 0.6710831
0.5052384 0.6934525
0.5215364 0.7158219
0.5378345 0.7381913
0.5541325 0.7605608
0.5704305 0.7829302
0.5867285 0.8052996
0.6030265 0.8276691
0.6193245 0.8500385
0.6356225 0.8724080

0.3853794 0.0271768
0.3784988 0.0508744
0.3716182 0.0745720
0.3647376 0.0982697
0.3578570 0.1219673
0.3509764 0.1456649
0.3440958 0.1693626
0.3372152 0.1930602
0.3303346 0.2167579
0.3234541 0.2404555
0.3165735 0.2641531
0.3096929 0.2878508
0.3028123 0.3115484
0.2959317 0.3352460
0.2890511 0.3589437
0.2821705 0.3826413
0.2752899 0.4063389
0.2684093 0.4300366
0.2615287 0.4537342
0.2546481 0.4774318
0.2477675 0.5011295
0.2408869 0.5248271
0.2340063 0.5485248
0.2271257 0.5722224
0.2202451 0.5959200
0.2133645 0.6196177
0.2064839 0.6433153
0.1996033 0.6670129
0.1927227 0.6907106
0.1858421 0.7144082
0.1789616 0.7381059
0.1720810 0.7618035
0.1652004 0.7855011
0.1583198 0.8091988
0.1514392 0.8328964
0.1445586 0.8565940
0.1376780 0.8802917
0.1307974 0.9039893
0.1239168 0.9276869
0.1170362 0.9513846

0.5650842 0.8875666
0.5514268 0.8663187
0.5377693 0.8450707
0.5241119 0.8238228
0.5104544 0.8025749
0.4967969 0.7813269
0.4831395 0.7600790
0.4694820 0.7388311
0.4558246 0.7175831
0.4421671 0.6963352
0.4285096 0.6750873
0.4148522 0.6538393
0.4011947 0.6325914
0.3875372 0.6113435
0.3738798 0.5900955
0.3602223 0.5688476
0.3465649 0.5475997
0.3329074 0.5263517
0.3192500 0.5051038
0.3055925 0.4838559
0.2919350 0.4626079
0.2782776 0.4413600
0.2646201 0.4201121
0.2509627 0.3988642
0.2373052 0.3776162
0.2236477 0.3563683
0.2099903 0.3351204
0.1963328 0.3138724
0.1826754 0.2926245
0.1690179 0.2713766
0.1553604 0.2501286
0.1417030 0.2288807
0.1280455 0.2076328
0.1143881 0.1863848
0.1007306 0.1651369
0.0870731 0.1438890
0.0734157 0.1226410
0.0597582 0.1013931
0.0461008 0.0801452
0.0324433 0.0588972

0.6389017 0.9865524
0.6230374 0.9629684
0.6071731 0.9393843
0.5913088 0.9158003
0.5754446 0.8922163
0.5595803 0.8686322
0.5437160 0.8450482
0.5278517 0.8214642
0.5119875 0.7978801
0.4961232 0.7742961
0.4802589 0.7507121
0.4643947 0.7271280
0.4485304 0.7035440
0.4326661 0.6799600
0.4168018 0.6563760
0.4009376 0.6327919
0.3850733 0.6092079
0.3692090 0.5856239
0.3530335 0.5622324
0.3367593 0.5389020
0.3204850 0.5155716
0.3042107 0.4922412
0.2879365 0.4689108
0.2716070 0.4456165
0.2552993 0.4223076
0.2393422 0.3987816
0.2239578 0.3748669
0.2085733 0.3509521
0.1931889 0.3270374
0.1778779 0.3030732
0.1627411 0.2789919
0.1476042 0.2549105
0.1324673 0.2308291
0.1173304 0.2067478
0.1021935 0.1826664
0.0870567 0.1585851
0.0719198 0.1345037
0.0567829 0.1104223
0.0416460 0.0863410
0.0265091 0.0622596

0.0633125 0.0425060
0.0800221 0.0662932
0.0967316 0.0900805
0.1134412 0.1138677
0.1301507 0.1376549
0.1468603 0.1614421
0.1635698 0.1852294
0.1802794 0.2090166
0.1969890 0.2328038
0.2136985 0.2565911
0.2304081 0.2803783
0.2471176 0.3041655
0.2638272 0.3279528
0.2805367 0.3517400
0.2972463 0.3755272
0.3139558 0.3993144
0.3306654 0.4231017
0.3473749 0.4468889
0.3640845 0.4706761
0.3807727 0.4944789
0.3967886 0.5187713
0.4128045 0.5430637
0.4288204 0.5673561
0.4448362 0.5916485
0.4608521 0.6159410
0.4768680 0.6402334
0.4928839 0.6645258
0.5088997 0.6888182
0.5249156 0.7131106
0.5409315 0.7374031
0.5569474 0.7616955
0.5729633 0.7859879
0.5889791 0.8102803
0.6049950 0.8345727
0.6210109 0.8588651
0.6370268 0.8831576
0.6530426 0.9074500
0.6690585 0.9317424
0.6850744 0.9560348
0.7010902 0.9803272

0.0232359 0.0489908
0.0391200 0.0730857
0.0550042 0.0971806
0.0708883 0.1212756
0.0867724 0.1453705
0.1026565 0.1694654
0.1185406 0.1935603
0.1344248 0.2176552
0.1503089 0.2417502
0.1661930 0.2658451
0.1820771 0.2899400
0.1979612 0.3140349
0.2138454 0.3381298
0.2297295 0.3622248
0.2456138 0.3863195
0.2615021 0.4104118
0.2773903 0.4345041
0.2932786 0.4585964
0.3091668 0.4826887
0.3252863 0.5066234
0.3418514 0.5302519
0.3584188 0.5538787
0.3749862 0.5775056
0.3915536 0.6011324
0.4082901 0.6246404
0.4251952 0.6480300
0.4421003 0.6714195
0.4590054 0.6948091
0.4759105 0.7181986
0.4928156 0.7415881
0.5097207 0.7649777
0.5266258 0.7883672
0.5435309 0.8117568
0.5604360 0.8351463
0.5773411 0.8585358
0.5942462 0.8819254
0.6111513 0.9053149
0.6280564 0.9287045
0.6449615 0.9520940
0.6618666 0.9754835

0.0227082 0.9276068
0.0240486 0.9050416
0.0253890 0.8824764
0.0267293 0.8599112
0.0280697 0.8373460
0.0294100 0.8147808
0.0307504 0.7922156
0.0320908 0.7696504
0.0334311 0.7470853
0.0347715 0.7245201
0.0361119 0.7019549
0.0374522 0.6793897
0.0387926 0.6568245
0.0401330 0.6342593
0.0414733 0.6116941
0.0428137 0.5891289
0.0441540 0.5665637
0.0454944 0.5439986
0.0468348 0.5214334
0.0481751 0.4988682
0.0495155 0.4763030
0.0508559 0.4537378
0.0521962 0.4311726
0.0535366 0.4086074
0.0548770 0.3860422
0.0562173 0.3634770
0.0575577 0.3409118
0.0588981 0.3183466
0.0602384 0.2957815
0.0615788 0.2732163
0.0629191 0.2506511
0.0642595 0.2280859
0.0655999 0.2055207
0.0669402 0.1829555
0.0682806 0.1603903
0.0696210 0.1378251
0.0709613 0.1152599
0.0723017 0.0926947
0.0736421 0.0701296
0.0749824 0.0475644

0.0798315 0.4120601
0.1022185 0.4014945
0.1246056 0.3909288
0.1469926 0.3803632
0.1693797 0.3697975
0.1917667 0.3592319
0.2141537 0.3486663
0.2365408 0.3381006
0.2589278 0.3275350
0.2813149 0.3169693
0.3037019 0.3064037
0.3260890 0.2958380
0.3484760 0.2852724
0.3708631 0.2747068
0.3932501 0.2641411
0.4156372 0.2535755
0.4380242 0.2430098
0.4604112 0.2324442
0.4827983 0.2218785
0.5051854 0.2113129
0.5275724 0.2007472
0.5499594 0.1901816
0.5723465 0.1796160
0.5947335 0.1690503
0.6171206 0.1584847
0.6395076 0.1479190
0.6618947 0.1373534
0.6842817 0.1267877
0.7066688 0.1162221
0.7290558 0.1056564
0.7514428 0.0950908
0.7738299 0.0845252
0.7962170 0.0739595
0.8186040 0.0633939
0.8409910 0.0528282
0.8633781 0.0422626
0.8857651 0.0316969
0.9081522 0.0211313
0.9305392 0.0105656
0.9529263 0.0000000

0.4129702 0.9284634
0.4033735 0.9056964
0.3937769 0.8829295
0.3841803 0.8601625
0.3745837 0.8373956
0.3649870 0.8146287
0.3553904 0.7918618
0.3457938 0.7690948
0.3361972 0.7463279
0.3266005 0.7235609
0.3170039 0.7007940
0.3074073 0.6780271
0.2978107 0.6552601
0.2882140 0.6324932
0.2786174 0.6097263
0.2690208 0.5869593
0.2594242 0.5641924
0.2498275 0.5414255
0.2402309 0.5186585
0.2306343 0.4958916
0.2210377 0.4731246
0.2114410 0.4503577
0.2018444 0.4275908
0.1922478 0.4048238
0.1826512 0.3820569
0.1730545 0.3592900
0.1634579 0.3365230
0.1538613 0.3137561
0.1442647 0.2909892
0.1346681 0.2682222
0.1250714 0.2454553
0.1154748 0.2226883
0.1058782 0.1999214
0.0962816 0.1771545
0.0866849 0.1543875
0.0770883 0.1316206
0.0674917 0.1088537
0.0578951 0.0860867
0.0482984 0.0633198
0.0387018 0.0405529

0.9642787 0.0219211
0.9412509 0.0302693
0.9182230 0.0386174
0.8951951 0.0469656
0.8721673 0.0553138
0.8491394 0.0636619
0.8261115 0.0720101
0.8030837 0.0803583
0.7800558 0.0887064
0.7570279 0.0970546
0.7340001 0.1054028
0.7109722 0.1137509
0.6879443 0.1220991
0.6649165 0.1304472
0.6418886 0.1387954
0.6188607 0.1471436
0.5958329 0.1554917
0.5728050 0.1638399
0.5497771 0.1721881
0.5267493 0.1805362
0.5037214 0.1888844
0.4806935 0.1972326
0.4576657 0.2055807
0.4346378 0.2139289
0.4116099 0.2222771
0.3885820 0.2306252
0.3655542 0.2389734
0.3425263 0.2473216
0.3194984 0.2556697
0.2964706 0.2640179
0.2734427 0.2723661
0.2504148 0.2807142
0.2273870 0.2890624
0.2043591 0.2974106
0.1813312 0.3057587
0.1583034 0.3141069
0.1352755 0.3224551
0.1122476 0.3308032
0.0892198 0.3391514
0.0661919 0.3474995

0.0614736 0.3298787
0.0821862 0.3222013
0.1028989 0.3145240
0.1236115 0.3068466
0.1443241 0.2991693
0.1650368 0.2914919
0.1857494 0.2838146
0.2064621 0.2761373
0.2271747 0.2684599
0.2478873 0.2607826
0.2686000 0.2531052
0.2893126 0.2454279
0.3100253 0.2377505
0.3307379 0.2300732
0.3514505 0.2223958
0.3721632 0.2147185
0.3928758 0.2070411
0.4135885 0.1993638
0.4343011 0.1916864
0.4550137 0.1840091
0.4757264 0.1763317
0.4964390 0.1686544
0.5171517 0.1609770
0.5378643 0.1532997
0.5585769 0.1456223
0.5792896 0.1379450
0.6000022 0.1302676
0.6207149 0.1225903
0.6414275 0.1149129
0.6621402 0.1072356
0.6828528 0.0995582
0.7035654 0.0918809
0.7242781 0.0842035
0.7449907 0.0765262
0.7657034 0.0688488
0.7864160 0.0611715
0.8071286 0.0534941
0.8278413 0.0458168
0.8485539 0.0381394
0.8692666 0.0304621

0.0376058 0.5931656
0.0601208 0.5795999
0.0826359 0.5660342
0.1051510 0.5524685
0.1276661 0.5389028
0.1501811 0.5253371
0.1726962 0.5117714
0.1952113 0.4982057
0.2177263 0.4846400
0.2402414 0.4710743
0.2627565 0.4575086
0.2852716 0.4439429
0.3077866 0.4303772
0.3303017 0.4168115
0.3528168 0.4032458
0.3753318 0.3896801
0.3978469 0.3761144
0.4203620 0.3625487
0.4428771 0.3489830
0.4653921 0.3354174
0.4879072 0.3218517
0.5104223 0.3082860
0.5329373 0.2947203
0.5554524 0.2811546
0.5779675 0.2675889
0.6004826 0.2540232
0.6229976 0.2404575
0.6455127 0.2268918
0.6680278 0.2133261
0.6905428 0.1997604
0.7130579 0.1861947
0.7355730 0.1726290
0.7580880 0.1590633
0.7806031 0.1454976
0.8031182 0.1319319
0.8256332 0.1183662
0.8481483 0.1048005
0.8706634 0.0912348
0.8931785 0.0776691
0.9156935 0.0641034

0.0639940 0.1293433
0.0749904 0.1468712
0.0859868 0.1643991
0.0969832 0.1819269
0.1079796 0.1994548
0.1189760 0.2169827
0.1299724 0.2345106
0.1409688 0.2520385
0.1519651 0.2695664
0.1629615 0.2870942
0.1739579 0.3046221
0.1849543 0.3221500
0.1959507 0.3396779
0.2069471 0.3572058
0.2179435 0.3747337
0.2289399 0.3922615
0.2399362 0.4097894
0.2509326 0.4273173
0.2619290 0.4448452
0.2729254 0.4623731
0.2839218 0.4799010
0.2949182 0.4974288
0.3059146 0.5149567
0.3169110 0.5324846
0.3279073 0.5500125
0.3389037 0.5675404
0.3499001 0.5850683
0.3608965 0.6025961
0.3718929 0.6201240
0.3828893 0.6376519
0.3938857 0.6551798
0.4048821 0.6727077
0.4158784 0.6902356
0.4268748 0.7077634
0.4378712 0.7252913
0.4488676 0.7428192
0.4598640 0.7603471
0.4708604 0.7778750
0.4818568 0.7954028
0.4928532 0.8129307

0.0376448 0.9712177
0.0414990 0.9478571
0.0453532 0.9244964
0.0492074 0.9011357
0.0530616 0.8777750
0.0569158 0.8544143
0.0607700 0.8310536
0.0646242 0.8076930
0.0684785 0.7843323
0.0723327 0.7609716
0.0761869 0.7376109
0.0800411 0.7142502
0.0838953 0.6908896
0.0877495 0.6675289
0.0916037 0.6441682
0.0954579 0.6208075
0.0993121 0.5974468
0.1031663 0.5740861
0.1073167 0.5507516
0.1115209 0.5274238
0.1159187 0.5041339
0.1203164 0.4808440
0.1247142 0.4575541
0.1291119 0.4342642
0.1335096 0.4109743
0.1379074 0.3876844
0.1423051 0.3643945
0.1467029 0.3411046
0.1511006 0.3178147
0.1554983 0.2945248
0.1598961 0.2712349
0.1642938 0.2479450
0.1686916 0.2246551
0.1730893 0.2013652
0.1774870 0.1780753
0.1818848 0.1547854
0.1862825 0.1314955
0.1906802 0.1082056
0.1950780 0.0849157
0.1994757 0.0616258

0.9680611 0.3922893
0.9453251 0.3821388
0.9225890 0.3719882
0.8998530 0.3618376
0.8771170 0.3516870
0.8543810 0.3415365
0.8316450 0.3313859
0.8089090 0.3212353
0.7861730 0.3110847
0.7634369 0.3009341
0.7407009 0.2907836
0.7179649 0.2806330
0.6952289 0.2704824
0.6724929 0.2603318
0.6497706 0.2501483
0.6270564 0.2399456
0.6043422 0.2297428
0.5813632 0.2200690
0.5583205 0.2105226
0.5352777 0.2009762
0.5122350 0.1914297
0.4891922 0.1818833
0.4661495 0.1723369
0.4431067 0.1627904
0.4200639 0.1532440
0.3970212 0.1436975
0.3739784 0.1341511
0.3509357 0.1246047
0.3278929 0.1150582
0.3048502 0.1055118
0.2818074 0.0959654
0.2587647 0.0864189
0.2357219 0.0768725
0.2126792 0.0673261
0.1896364 0.0577796
0.1665937 0.0482332
0.1435509 0.0386868
0.1205082 0.0291403
0.0974654 0.0195939
0.0744227 0.0100475

0.0501122 0.9266830
0.0606969 0.9040262
0.0712815 0.8813695
0.0818662 0.8587128
0.0924509 0.8360561
0.1030356 0.8133994
0.1136203 0.7907426
0.1242049 0.7680859
0.1347896 0.7454292
0.1453743 0.7227725
0.1559590 0.7001158
0.1665436 0.6774590
0.1771283 0.6548023
0.1877130 0.6321456
0.1982977 0.6094889
0.2088824 0.5868321
0.2193220 0.5640970
0.2297557 0.5413587
0.2401894 0.5186204
0.2506231 0.4958821
0.2611256 0.4731761
0.2717492 0.4505272
0.2825355 0.4279624
0.2933648 0.4054141
0.3042012 0.3828691
0.3150387 0.3603244
0.3259010 0.3377929
0.3367990 0.3152802
0.3476971 0.2927676
0.3585951 0.2702549
0.3694932 0.2477423
0.3803912 0.2252296
0.3912892 0.2027169
0.4021873 0.1802043
0.4130853 0.1576916
0.4239834 0.1351789
0.4348814 0.1126663
0.4457795 0.0901536
0.4566775 0.0676410
0.4675755 0.0451283

0.1044311 0.0932660
0.1256537 0.0974650
0.1468763 0.1016640
0.1680989 0.1058630
0.1893216 0.1100621
0.2105442 0.1142611
0.2317668 0.1184601
0.2529894 0.1226591
0.2742121 0.1268581
0.2954347 0.1310571
0.3166573 0.1352561
0.3378799 0.1394551
0.3591026 0.1436541
0.3803252 0.1478531
0.4015478 0.1520522
0.4227705 0.1562512
0.4439931 0.1604502
0.4652157 0.1646492
0.4864383 0.1688482
0.5076610 0.1730472
0.5288836 0.1772462
0.5501062 0.1814452
0.5713289 0.1856442
0.5925515 0.1898432
0.6137741 0.1940422
0.6349967 0.1982413
0.6562194 0.2024403
0.6774420 0.2066393
0.6986646 0.2108383
0.7198872 0.2150373
0.7411099 0.2192363
0.7623325 0.2234353
0.7835551 0.2276343
0.8047778 0.2318333
0.8260004 0.2360323
0.8472230 0.2402314
0.8684456 0.2444304
0.8896682 0.2486294
0.9108909 0.2528284
0.9321135 0.2570274

0.1939331 0.9974444
0.1916608 0.9734683
0.1893885 0.9494922
0.1871162 0.9255160
0.1848439 0.9015400
0.1825716 0.8775638
0.1802993 0.8535877
0.1780270 0.8296116
0.1757547 0.8056355
0.1734824 0.7816594
0.1712101 0.7576833
0.1689378 0.7337072
0.1666655 0.7097311
0.1643932 0.6857550
0.1621209 0.6617789
0.1598486 0.6378028
0.1575763 0.6138267
0.1553039 0.5898505
0.1530316 0.5658744
0.1507593 0.5418983
0.1484870 0.5179222
0.1462147 0.4939461
0.1439424 0.4699700
0.1416701 0.4459939
0.1393978 0.4220178
0.1371255 0.3980417
0.1348532 0.3740656
0.1325809 0.3500895
0.1303086 0.3261134
0.1280363 0.3021373
0.1257640 0.2781612
0.1234917 0.2541850
0.1212194 0.2302089
0.1189471 0.2062328
0.1166748 0.1822567
0.1144025 0.1582806
0.1121302 0.1343045
0.1098579 0.1103284
0.1075855 0.0863523
0.1053132 0.0623762

0.0467838 0.8930079
0.0483865 0.8717587
0.0499891 0.8505095
0.0515917 0.8292603
0.0531943 0.8080111
0.0547970 0.7867619
0.0563996 0.7655126
0.0580022 0.7442634
0.0596049 0.7230142
0.0612075 0.7017650
0.0628101 0.6805158
0.0644128 0.6592666
0.0660154 0.6380174
0.0676180 0.6167681
0.0692207 0.5955189
0.0708233 0.5742697
0.0724259 0.5530205
0.0740286 0.5317713
0.0756312 0.5105220
0.0772338 0.4892728
0.0788365 0.4680236
0.0804391 0.4467744
0.0820417 0.4255252
0.0836444 0.4042760
0.0852470 0.3830267
0.0868496 0.3617775
0.0884523 0.3405283
0.0900549 0.3192791
0.0916575 0.2980299
0.0932602 0.2767807
0.0948628 0.2555315
0.0964654 0.2342823
0.0980681 0.2130330
0.0996707 0.1917838
0.1012733 0.1705346
0.1028760 0.1492854
0.1044786 0.1280362
0.1060812 0.1067870
0.1076838 0.0855377
0.1092865 0.0642885

0.9582183 0.2613873
0.9349256 0.2525801
0.9116328 0.2437730
0.8883400 0.2349658
0.8650472 0.2261587
0.8417544 0.2173516
0.8184617 0.2085444
0.7951689 0.1997373
0.7718761 0.1909301
0.7485833 0.1821229
0.7252905 0.1733158
0.7019977 0.1645086
0.6787050 0.1557015
0.6554122 0.1468944
0.6321194 0.1380872
0.6088266 0.1292801
0.5844865 0.1239188
0.5600558 0.1188555
0.5356251 0.1137922
0.5111943 0.1087289
0.4867637 0.1036656
0.4623329 0.0986024
0.4379022 0.0935391
0.4134715 0.0884758
0.3890408 0.0834125
0.3646101 0.0783492
0.3401794 0.0732859
0.3157487 0.0682226
0.2913311 0.0630404
0.2669739 0.0573095
0.2426168 0.0515785
0.2182596 0.0458476
0.1939024 0.0401166
0.1695453 0.0343857
0.1451881 0.0286547
0.1208309 0.0229238
0.0964738 0.0171928
0.0721166 0.0114619
0.0477594 0.0057309
0.0234023 0.0000000

0.9271119 0.7428968
0.9043641 0.7254171
0.8816164 0.7079374
0.8588686 0.6904577
0.8361209 0.6729780
0.8133731 0.6554983
0.7906254 0.6380186
0.7678776 0.6205390
0.7451299 0.6030592
0.7223821 0.5855796
0.6996344 0.5680999
0.6769110 0.5505840
0.6542283 0.5330101
0.6315456 0.5154363
0.6088629 0.4978625
0.5861801 0.4802887
0.5634974 0.4627149
0.5408147 0.4451411
0.5181320 0.4275673
0.4954493 0.4099934
0.4727658 0.3924205
0.4500821 0.3748477
0.4274526 0.3572064
0.4048421 0.3395424
0.3822450 0.3218625
0.3595950 0.3042543
0.3369010 0.2867044
0.3142060 0.2691558
0.2915109 0.2516072
0.2688158 0.2340586
0.2461208 0.2165101
0.2234257 0.1989615
0.2007306 0.1814129
0.1780356 0.1638644
0.1553405 0.1463158
0.1326454 0.1287672
0.1099503 0.1112187
0.0872553 0.0936701
0.0645602 0.0761215
0.0418651 0.0585729

0.9386451 0.1060652
0.9161414 0.1167024
0.8936376 0.1273395
0.8711339 0.1379767
0.8486302 0.1486139
0.8261265 0.1592511
0.8036227 0.1698883
0.7811190 0.1805255
0.7586153 0.1911627
0.7361115 0.2017999
0.7136078 0.2124370
0.6911040 0.2230742
0.6686003 0.2337114
0.6460966 0.2443486
0.6235929 0.2549858
0.6010891 0.2656230
0.5785854 0.2762602
0.5560816 0.2868974
0.5335779 0.2975345
0.5110742 0.3081717
0.4885705 0.3188089
0.4660667 0.3294461
0.4435630 0.3400833
0.4210592 0.3507205
0.3985555 0.3613577
0.3760518 0.3719949
0.3535480 0.3826320
0.3310443 0.3932692
0.3085406 0.4039064
0.2860368 0.4145436
0.2635331 0.4251808
0.2410294 0.4358180
0.2185256 0.4464552
0.1960219 0.4570923
0.1735182 0.4677295
0.1510144 0.4783667
0.1285107 0.4890039
0.1060070 0.4996411
0.0835032 0.5102783
0.0609995 0.5209155

0.7584847 0.0562715
0.7407089 0.0786838
0.7229331 0.1010961
0.7051573 0.1235084
0.6873815 0.1459207
0.6696057 0.1683330
0.6518299 0.1907453
0.6340541 0.2131577
0.6162783 0.2355700
0.5985025 0.2579823
0.5807267 0.2803946
0.5629509 0.3028069
0.5451751 0.3252192
0.5273993 0.3476315
0.5096235 0.3700438
0.4918477 0.3924561
0.4740719 0.4148684
0.4562961 0.4372807
0.4385204 0.4596930
0.4207446 0.4821053
0.4029688 0.5045177
0.3851930 0.5269300
0.3674172 0.5493423
0.3496414 0.5717546
0.3318656 0.5941669
0.3140898 0.6165792
0.2963140 0.6389915
0.2785382 0.6614038
0.2607624 0.6838161
0.2429866 0.7062284
0.2252108 0.7286407
0.2074350 0.7510530
0.1896592 0.7734653
0.1718834 0.7958777
0.1541076 0.8182900
0.1363318 0.8407023
0.1185561 0.8631146
0.1007803 0.8855269
0.0830045 0.9079392
0.0652287 0.9303515

0.1526457 0.9096707
0.1679335 0.8872953
0.1832213 0.8649199
0.1985091 0.8425445
0.2137968 0.8201691
0.2290846 0.7977938
0.2443724 0.7754184
0.2596602 0.7530430
0.2749480 0.7306676
0.2902358 0.7082922
0.3055235 0.6859168
0.3208113 0.6635415
0.3360991 0.6411661
0.3513869 0.6187907
0.3666747 0.5964153
0.3819625 0.5740399
0.3972502 0.5516646
0.4125380 0.5292892
0.4278258 0.5069138
0.4431136 0.4845384
0.4584014 0.4621630
0.4743216 0.4403120
0.4905786 0.4187402
0.5068357 0.3971684
0.5230927 0.3755967
0.5393498 0.3540249
0.5556068 0.3324531
0.5718639 0.3108814
0.5881210 0.2893096
0.6043780 0.2677378
0.6206351 0.2461660
0.6368921 0.2245943
0.6531492 0.2030225
0.6694062 0.1814507
0.6856633 0.1598790
0.7019204 0.1383072
0.7181774 0.1167354
0.7344345 0.0951637
0.7506915 0.0735919
0.7669486 0.0520201

0.5939991 0.8902807
0.5816601 0.8699568
0.5693212 0.8496328
0.5569822 0.8293089
0.5446432 0.8089850
0.5323042 0.7886610
0.5199652 0.7683370
0.5076263 0.7480131
0.4952873 0.7276891
0.4829483 0.7073652
0.4706093 0.6870413
0.4582703 0.6667173
0.4459314 0.6463934
0.4335924 0.6260694
0.4212534 0.6057455
0.4089144 0.5854215
0.3965754 0.5650976
0.3842365 0.5447737
0.3718975 0.5244497
0.3595585 0.5041258
0.3472195 0.4838018
0.3348805 0.4634779
0.3225416 0.4431539
0.3102026 0.4228300
0.2978636 0.4025060
0.2855246 0.3821821
0.2731856 0.3618581
0.2608467 0.3415342
0.2485077 0.3212103
0.2361687 0.3008863
0.2238297 0.2805624
0.2114907 0.2602384
0.1991518 0.2399145
0.1868128 0.2195905
0.1744738 0.1992666
0.1621348 0.1789426
0.1497958 0.1586187
0.1374569 0.1382947
0.1251179 0.1179708
0.1127789 0.0976469

0.0529073 0.1018262
0.0564086 0.1223682
0.0599100 0.1429101
0.0634113 0.1634521
0.0669127 0.1839940
0.0704140 0.2045360
0.0739154 0.2250779
0.0774167 0.2456198
0.0809181 0.2661618
0.0844194 0.2867037
0.0879208 0.3072457
0.0914221 0.3277876
0.0949235 0.3483296
0.0984248 0.3688715
0.1019262 0.3894135
0.1054275 0.4099554
0.1089289 0.4304974
0.1124302 0.4510393
0.1159315 0.4715813
0.1194329 0.4921232
0.1229342 0.5126652
0.1264356 0.5332071
0.1299369 0.5537491
0.1334383 0.5742910
0.1369396 0.5948329
0.1404410 0.6153749
0.1439423 0.6359168
0.1474437 0.6564588
0.1509450 0.6770008
0.1544464 0.6975427
0.1579477 0.7180846
0.1614491 0.7386266
0.1649504 0.7591685
0.1684518 0.7797105
0.1719531 0.8002524
0.1754545 0.8207944
0.1789558 0.8413363
0.1824572 0.8618783
0.1859585 0.8824202
0.1894599 0.9029621

0.9123062 0.0046255
0.8901500 0.0162510
0.8679938 0.0278765
0.8458376 0.0395020
0.8236813 0.0511275
0.8015251 0.0627530
0.7793689 0.0743785
0.7572127 0.0860041
0.7350565 0.0976296
0.7129003 0.1092551
0.6907440 0.1208806
0.6685878 0.1325061
0.6464316 0.1441316
0.6242754 0.1557571
0.6021192 0.1673826
0.5799630 0.1790081
0.5578068 0.1906336
0.5356505 0.2022591
0.5134943 0.2138846
0.4913381 0.2255102
0.4691387 0.2370420
0.4468813 0.2484479
0.4246239 0.2598538
0.4023665 0.2712597
0.3801091 0.2826656
0.3578517 0.2940715
0.3355942 0.3054774
0.3133368 0.3168834
0.2910794 0.3282893
0.2688220 0.3396952
0.2465646 0.3511011
0.2243072 0.3625070
0.2020498 0.3739129
0.1797923 0.3853188
0.1575349 0.3967247
0.1352775 0.4081306
0.1130201 0.4195366
0.0907627 0.4309425
0.0685053 0.4423484
0.0462479 0.4537543

0.4909580 0.9119284
0.4806038 0.8910922
0.4702496 0.8702561
0.4598954 0.8494199
0.4495412 0.8285838
0.4391870 0.8077477
0.4288328 0.7869115
0.4184786 0.7660754
0.4081244 0.7452392
0.3977702 0.7244031
0.3874160 0.7035670
0.3770618 0.6827308
0.3667076 0.6618947
0.3563534 0.6410586
0.3459992 0.6202224
0.3356450 0.5993863
0.3252908 0.5785501
0.3149366 0.5577140
0.3045824 0.5368779
0.2942282 0.5160417
0.2838628 0.4952121
0.2734829 0.4743909
0.2631030 0.4535696
0.2527230 0.4327484
0.2423431 0.4119271
0.2319632 0.3911059
0.2215833 0.3702847
0.2112034 0.3494634
0.2008235 0.3286422
0.1904436 0.3078209
0.1800636 0.2869997
0.1696837 0.2661785
0.1593038 0.2453572
0.1489239 0.2245360
0.1385440 0.2037148
0.1281641 0.1828935
0.1177842 0.1620723
0.1074042 0.1412510
0.0970243 0.1204298
0.0866444 0.0996086

0.8779555 0.0144572
0.8562432 0.0300367
0.8345309 0.0456162
0.8128186 0.0611957
0.7911063 0.0767752
0.7693941 0.0923547
0.7476818 0.1079342
0.7259695 0.1235136
0.7042572 0.1390931
0.6825449 0.1546726
0.6608326 0.1702521
0.6391203 0.1858316
0.6174080 0.2014111
0.5956957 0.2169906
0.5739834 0.2325701
0.5522711 0.2481495
0.5305589 0.2637290
0.5088466 0.2793085
0.4871343 0.2948880
0.4654220 0.3104675
0.4437097 0.3260470
0.4219974 0.3416265
0.4002851 0.3572059
0.3785728 0.3727854
0.3568605 0.3883649
0.3351482 0.4039444
0.3134359 0.4195239
0.2917237 0.4351034
0.2700114 0.4506829
0.2482991 0.4662624
0.2265868 0.4818418
0.2048745 0.4974213
0.1831622 0.5130008
0.1614499 0.5285803
0.1397376 0.5441598
0.1180253 0.5597393
0.0963130 0.5753188
0.0746007 0.5908983
0.0528885 0.6064777
0.0311762 0.6220572

0.0452782 0.0736692
0.0566301 0.0964100
0.0679820 0.1191508
0.0793338 0.1418916
0.0906857 0.1646324
0.1020376 0.1873732
0.1133894 0.2101141
0.1247413 0.2328549
0.1360932 0.2555957
0.1474451 0.2783365
0.1587969 0.3010773
0.1701488 0.3238181
0.1815007 0.3465589
0.1928525 0.3692997
0.2042114 0.3920374
0.2156087 0.4147574
0.2270057 0.4374777
0.2384026 0.4601980
0.2497995 0.4829183
0.2612402 0.5056162
0.2727523 0.5282778
0.2843147 0.5509124
0.2959307 0.5735186
0.3076154 0.5960793
0.3193366 0.6186160
0.3310577 0.6411527
0.3427789 0.6636893
0.3545001 0.6862260
0.3662450 0.7087500
0.3779725 0.7312818
0.3896943 0.7538162
0.4014161 0.7763506
0.4131378 0.7988850
0.4248596 0.8214195
0.4365814 0.8439539
0.4483031 0.8664883
0.4600249 0.8890228
0.4717467 0.9115572
0.4834684 0.9340916
0.4951902 0.9566260

0.3436444 0.0964350
0.3365894 0.1155138
0.3295343 0.1345925
0.3224792 0.1536713
0.3154242 0.1727501
0.3083691 0.1918289
0.3013140 0.2109077
0.2942589 0.2299864
0.2872039 0.2490652
0.2801488 0.2681440
0.2730937 0.2872228
0.2660386 0.3063015
0.2589836 0.3253803
0.2519285 0.3444591
0.2448734 0.3635379
0.2378184 0.3826166
0.2307633 0.4016954
0.2237082 0.4207742
0.2166531 0.4398530
0.2095981 0.4589318
0.2025430 0.4780105
0.1954879 0.4970893
0.1884329 0.5161681
0.1813778 0.5352469
0.1743227 0.5543256
0.1672676 0.5734044
0.1602126 0.5924832
0.1531575 0.6115620
0.1461024 0.6306407
0.1390474 0.6497195
0.1319923 0.6687983
0.1249372 0.6878771
0.1178821 0.7069558
0.1108271 0.7260346
0.1037720 0.7451134
0.0967169 0.7641922
0.0896619 0.7832710
0.0826068 0.8023497
0.0755517 0.8214285
0.0684966 0.8405073

0.9254127 0.1676272
0.9038228 0.1651211
0.8822328 0.1626149
0.8606428 0.1601087
0.8390528 0.1576026
0.8174628 0.1550964
0.7958728 0.1525902
0.7742829 0.1500840
0.7526929 0.1475779
0.7311029 0.1450717
0.7095129 0.1425655
0.6879229 0.1400594
0.6663330 0.1375532
0.6447430 0.1350470
0.6231530 0.1325409
0.6015630 0.1300347
0.5799730 0.1275285
0.5583830 0.1250224
0.5367931 0.1225162
0.5152031 0.1200100
0.4936131 0.1175038
0.4720231 0.1149977
0.4504331 0.1124915
0.4288432 0.1099853
0.4072532 0.1074792
0.3856632 0.1049730
0.3640732 0.1024668
0.3424832 0.0999607
0.3208932 0.0974545
0.2993033 0.0949483
0.2777133 0.0924422
0.2561233 0.0899360
0.2345333 0.0874298
0.2129433 0.0849237
0.1913533 0.0824175
0.1697634 0.0799113
0.1481734 0.0774051
0.1265834 0.0748990
0.1049934 0.0723928
0.0834034 0.0698866

0.7112029 0.9006790
0.6952675 0.8818040
0.6793322 0.8629289
0.6633969 0.8440539
0.6474615 0.8251788
0.6315261 0.8063038
0.6155908 0.7874287
0.5996555 0.7685537
0.5837201 0.7496786
0.5677848 0.7308036
0.5518494 0.7119285
0.5359141 0.6930535
0.5199787 0.6741784
0.5040434 0.6553033
0.4881080 0.6364283
0.4721727 0.6175532
0.4562374 0.5986782
0.4403020 0.5798032
0.4243667 0.5609281
0.4084313 0.5420530
0.3924960 0.5231780
0.3765606 0.5043029
0.3606253 0.4854279
0.3446899 0.4665528
0.3287546 0.4476778
0.3128192 0.4288027
0.2968839 0.4099277
0.2809485 0.3910526
0.2650132 0.3721776
0.2490779 0.3533025
0.2331425 0.3344274
0.2172072 0.3155524
0.2012718 0.2966773
0.1853365 0.2778023
0.1694011 0.2589272
0.1534658 0.2400522
0.1375304 0.2211771
0.1215951 0.2023021
0.1056597 0.1834270
0.0897244 0.1645520

0.9109810 0.1873293
0.8894384 0.1825341
0.8678958 0.1777390
0.8463532 0.1729438
0.8248106 0.1681486
0.8032679 0.1633534
0.7817253 0.1585583
0.7601827 0.1537631
0.7386401 0.1489679
0.7170975 0.1441728
0.6955548 0.1393776
0.6740122 0.1345824
0.6524696 0.1297872
0.6309269 0.1249921
0.6093843 0.1201969
0.5878417 0.1154017
0.5662991 0.1106065
0.5447565 0.1058114
0.5232138 0.1010162
0.5016712 0.0962210
0.4801286 0.0914258
0.4585860 0.0866307
0.4370433 0.0818355
0.4155007 0.0770403
0.3939581 0.0722452
0.3724155 0.0674500
0.3508729 0.0626548
0.3293302 0.0578596
0.3077876 0.0530645
0.2862450 0.0482693
0.2647024 0.0434741
0.2431597 0.0386789
0.2216171 0.0338838
0.2000745 0.0290886
0.1785319 0.0242934
0.1569893 0.0194983
0.1354466 0.0147031
0.1139040 0.0099079
0.0923614 0.0051127
0.0708187 0.0003176

1.0000000 0.2089335
0.9784193 0.2035762
0.9568387 0.1982190
0.9352580 0.1928617
0.9136773 0.1875044
0.8920966 0.1821472
0.8705160 0.1767899
0.8489353 0.1714326
0.8273547 0.1660753
0.8057740 0.1607181
0.7841933 0.1553608
0.7626126 0.1500035
0.7410320 0.1446463
0.7194513 0.1392890
0.6978707 0.1339317
0.6762900 0.1285745
0.6547093 0.1232172
0.6331286 0.1178599
0.6115480 0.1125027
0.5899673 0.1071454
0.5683867 0.1017881
0.5468060 0.0964308
0.5252253 0.0910736
0.5036446 0.0857163
0.4820640 0.0803590
0.4604833 0.0750018
0.4389026 0.0696445
0.4173220 0.0642872
0.3957413 0.0589300
0.3741606 0.0535727
0.3525800 0.0482154
0.3309993 0.0428582
0.3094186 0.0375009
0.2878380 0.0321436
0.2662573 0.0267863
0.2446766 0.0214291
0.2230960 0.0160718
0.2015153 0.0107145
0.1799347 0.0053573
0.1583540 0.0000000

0.0544935 0.0022820
0.0535362 0.0274308
0.0525788 0.0525796
0.0516214 0.0777284
0.0506641 0.1028772
0.0497067 0.1280260
0.0487494 0.1531748
0.0477920 0.1783236
0.0468346 0.2034724
0.0458773 0.2286212
0.0449199 0.2537700
0.0439625 0.2789188
0.0430052 0.3040676
0.0420478 0.3292164
0.0410905 0.3543652
0.0401331 0.3795140
0.0391757 0.4046628
0.0382184 0.4298116
0.0372610 0.4549604
0.0363036 0.4801092
0.0353463 0.5052580
0.0343889 0.5304068
0.0334316 0.5555556
0.0324742 0.5807043
0.0315168 0.6058532
0.0305595 0.6310019
0.0296021 0.6561508
0.0286447 0.6812995
0.0276874 0.7064483
0.0267300 0.7315971
0.0257727 0.7567459
0.0248153 0.7818947
0.0238579 0.8070435
0.0229006 0.8321923
0.0219432 0.8573411
0.0209858 0.8824899
0.0200285 0.9076387
0.0190711 0.9327875
0.0181138 0.9579363
0.0171564 0.9830851

0.0795175 0.9027372
0.0809304 0.8825839
0.0823433 0.8624307
0.0837563 0.8422775
0.0851692 0.8221243
0.0865821 0.8019711
0.0879950 0.7818179
0.0894079 0.7616647
0.0908208 0.7415115
0.0922337 0.7213582
0.0936466 0.7012050
0.0950595 0.6810518
0.0964724 0.6608986
0.0978853 0.6407454
0.0992982 0.6205922
0.1007111 0.6004390
0.1021240 0.5802858
0.1035369 0.5601326
0.1049498 0.5399793
0.1063628 0.5198261
0.1077757 0.4996729
0.1091886 0.4795197
0.1106015 0.4593665
0.1120144 0.4392133
0.1134273 0.4190601
0.1148402 0.3989069
0.1162531 0.3787536
0.1176660 0.3586004
0.1190789 0.3384472
0.1204918 0.3182940
0.1219047 0.2981408
0.1233176 0.2779876
0.1247305 0.2578344
0.1261434 0.2376812
0.1275563 0.2175279
0.1289693 0.1973747
0.1303822 0.1772215
0.1317951 0.1570683
0.1332080 0.1369151
0.1346209 0.1167619

0.0609696 0.0416738
0.0830140 0.0421669
0.1050584 0.0426599
0.1271027 0.0431530
0.1491471 0.0436460
0.1711914 0.0441391
0.1932358 0.0446322
0.2152801 0.0451252
0.2373245 0.0456183
0.2593689 0.0461114
0.2814132 0.0466044
0.3034576 0.0470975
0.3255019 0.0475906
0.3475463 0.0480836
0.3695906 0.0485767
0.3916350 0.0490697
0.4136793 0.0495628
0.4357237 0.0500559
0.4577681 0.0505489
0.4798124 0.0510420
0.5018568 0.0515351
0.5239011 0.0520281
0.5459455 0.0525212
0.5679899 0.0530143
0.5900342 0.0535073
0.6120786 0.0540004
0.6341229 0.0544934
0.6561673 0.0549865
0.6782116 0.0554796
0.7002560 0.0559726
0.7223003 0.0564657
0.7443447 0.0569588
0.7663891 0.0574518
0.7884334 0.0579449
0.8104778 0.0584380
0.8325221 0.0589310
0.8545665 0.0594241
0.8766108 0.0599172
0.8986552 0.0604102
0.9206995 0.0609033

0.1100199 0.9605396
0.1118122 0.9385160
0.1136045 0.9164924
0.1153968 0.8944688
0.1171891 0.8724452
0.1189813 0.8504216
0.1207736 0.8283980
0.1225659 0.8063743
0.1243582 0.7843507
0.1261505 0.7623271
0.1279427 0.7403035
0.1297350 0.7182799
0.1315273 0.6962563
0.1333196 0.6742327
0.1351118 0.6522091
0.1369041 0.6301855
0.1386964 0.6081619
0.1404887 0.5861382
0.1422810 0.5641146
0.1440732 0.5420910
0.1458655 0.5200674
0.1476578 0.4980438
0.1494501 0.4760202
0.1512424 0.4539966
0.1530346 0.4319730
0.1548269 0.4099494
0.1566192 0.3879258
0.1584115 0.3659021
0.1602038 0.3438785
0.1619960 0.3218549
0.1637883 0.2998313
0.1655806 0.2778077
0.1673729 0.2557841
0.1691651 0.2337605
0.1709574 0.2117369
0.1727497 0.1897133
0.1745420 0.1676897
0.1763343 0.1456660
0.1781265 0.1236424
0.1799188 0.1016188

0.0257307 0.0643225
0.0500469 0.0673500
0.0743630 0.0703775
0.0986791 0.0734050
0.1229952 0.0764325
0.1473113 0.0794600
0.1716275 0.0824875
0.1959436 0.0855150
0.2202597 0.0885425
0.2445758 0.0915699
0.2688919 0.0945974
0.2932081 0.0976249
0.3175242 0.1006524
0.3418403 0.1036799
0.3661564 0.1067074
0.3904725 0.1097349
0.4147887 0.1127624
0.4391048 0.1157899
0.4634209 0.1188174
0.4877370 0.1218449
0.5120532 0.1248723
0.5363391 0.1287100
0.5605653 0.1341499
0.5847915 0.1395898
0.6090177 0.1450297
0.6332439 0.1504696
0.6574700 0.1559095
0.6816963 0.1613494
0.7059224 0.1667893
0.7301487 0.1722292
0.7543749 0.1776691
0.7786010 0.1831090
0.8028272 0.1885489
0.8270534 0.1939888
0.8512796 0.1994287
0.8755058 0.2048686
0.8997320 0.2103085
0.9239582 0.2157484
0.9481844 0.2211883
0.9724106 0.2266282

0.9214648 0.2216797
0.9005073 0.2186934
0.8795499 0.2157071
0.8585924 0.2127209
0.8376350 0.2097346
0.8166776 0.2067483
0.7957201 0.2037620
0.7747627 0.2007758
0.7538052 0.1977895
0.7328478 0.1948032
0.7118903 0.1918169
0.6909329 0.1888306
0.6699755 0.1858444
0.6490180 0.1828581
0.6280606 0.1798718
0.6071032 0.1768855
0.5861457 0.1738993
0.5651882 0.1709130
0.5442308 0.1679267
0.5232734 0.1649404
0.5023159 0.1619541
0.4813585 0.1589679
0.4604010 0.1559816
0.4394436 0.1529953
0.4184862 0.1500090
0.3975287 0.1470228
0.3765713 0.1440365
0.3556138 0.1410502
0.3346564 0.1380639
0.3136990 0.1350777
0.2927415 0.1320914
0.2717841 0.1291051
0.2508266 0.1261188
0.2298692 0.1231325
0.2089117 0.1201463
0.1879543 0.1171600
0.1669969 0.1141737
0.1460394 0.1111874
0.1250820 0.1082012
0.1041245 0.1052149

0.0275503 0.0452775
0.0513489 0.0473119
0.0756858 0.0476922
0.1002116 0.0479551
0.1247644 0.0481237
0.1493219 0.0481413
0.1738780 0.0478243
0.1984383 0.0471756
0.2229995 0.0463180
0.2475626 0.0454566
0.2721239 0.0445926
0.2966877 0.0437641
0.3212543 0.0430219
0.3458255 0.0424360
0.3704029 0.0421886
0.3949825 0.0422703
0.4195602 0.0425682
0.4441365 0.0428944
0.4687084 0.0432292
0.4932688 0.0435919
0.5178301 0.0438296
0.5424083 0.0441918
0.5669858 0.0445897
0.5915618 0.0449828
0.6161394 0.0453267
0.6407187 0.0456154
0.6652999 0.0458582
0.6898812 0.0460897
0.7144621 0.0463168
0.7390419 0.0465514
0.7636208 0.0468066
0.7881993 0.0470408
0.8127775 0.0472901
0.8373550 0.0475878
0.8619285 0.0479722
0.8864959 0.0484248
0.9110528 0.0488830
0.9355884 0.0492849
0.9600882 0.0497545
0.9846357 0.0501911

0.9392679 0.3017424
0.9170876 0.3009119
0.8949073 0.3000813
0.8727270 0.2992487
0.8505577 0.2983623
0.8284358 0.2973449
0.8062388 0.2963597
0.7840370 0.2953125
0.7618301 0.2943431
0.7395999 0.2934392
0.7173838 0.2927096
0.6951863 0.2921063
0.6730173 0.2914979
0.6508787 0.2909928
0.6287389 0.2905009
0.6066351 0.2896859
0.5845691 0.2884623
0.5625368 0.2871330
0.5404911 0.2858712
0.5184524 0.2846656
0.4963688 0.2835916
0.4742838 0.2826885
0.4526219 0.2823135
0.4309564 0.2821598
0.4092421 0.2819965
0.3874792 0.2821541
0.3657609 0.2825610
0.3440834 0.2830799
0.3226383 0.2838104
0.3011217 0.2846771
0.2796617 0.2855802
0.2580431 0.2860403
0.2364568 0.2864636
0.2149830 0.2869163
0.1937155 0.2872303
0.1728769 0.2871604
0.1532101 0.2839258
0.1340880 0.2801391
0.1149943 0.2765203
0.0959007 0.2729016

0.0470433 0.0355259
0.0404896 0.0576711
0.0364798 0.0806174
0.0361314 0.1046587
0.0355406 0.1287931
0.0348696 0.1529458
0.0341941 0.1771106
0.0335351 0.2012822
0.0329368 0.2254595
0.0324386 0.2496399
0.0320442 0.2738220
0.0317257 0.2980041
0.0314421 0.3221848
0.0311877 0.3463623
0.0309835 0.3705352
0.0307321 0.3946869
0.0303087 0.4188310
0.0297959 0.4429665
0.0291253 0.4670955
0.0284216 0.4912653
0.0276645 0.5154368
0.0269517 0.5396117
0.0263160 0.5637901
0.0257537 0.5879703
0.0252969 0.6121529
0.0249443 0.6363374
0.0246623 0.6605227
0.0244712 0.6847095
0.0242937 0.7088964
0.0241340 0.7330836
0.0239471 0.7572707
0.0237506 0.7814578
0.0235384 0.8056435
0.0233184 0.8298297
0.0230987 0.8540159
0.0229125 0.8781977
0.0227709 0.9023730
0.0227791 0.9265295
0.0256200 0.9498549
0.0303498 0.9726332

0.0484667 0.9332008
0.0869280 0.9547687
0.1263342 0.9742960
0.1718771 0.9738449
0.2175719 0.9723181
0.2633110 0.9700240
0.3090541 0.9676916
0.3547750 0.9654245
0.4003284 0.9623500
0.4434827 0.9527685
0.4719946 0.9253986
0.4819030 0.8823973
0.4826368 0.8375848
0.4810438 0.7920028
0.4814836 0.7464555
0.4836366 0.7009561
0.4849390 0.6558198
0.4856489 0.6106882
0.4868504 0.5652889
0.4888442 0.5195236
0.4903867 0.4737378
0.4918496 0.4279569
0.4930505 0.3821916
0.4942435 0.3364250
0.4953423 0.2906621
0.4961814 0.2448839
0.4962164 0.1991129
0.4939863 0.1537714
0.4877696 0.1092755
0.4715690 0.0702672
0.4394799 0.0468907
0.3965763 0.0360611
0.3518440 0.0316650
0.3060881 0.0309959
0.2603604 0.0297266
0.2146402 0.0279215
0.1688432 0.0267674
0.1230425 0.0257433
0.0772490 0.0245117
0.0314561 0.0232470

0.1487628 0.0743229
0.1413119 0.0936483
0.1338611 0.1129737
0.1264109 0.1322994
0.1219569 0.1527194
0.1206602 0.1741304
0.1195096 0.1955908
0.1184831 0.2170786
0.1176266 0.2385963
0.1168757 0.2601197
0.1161835 0.2816536
0.1156147 0.3032063
0.1151103 0.3247978
0.1146062 0.3463998
0.1141366 0.3679979
0.1136296 0.3895889
0.1130462 0.4111702
0.1124444 0.4327495
0.1118867 0.4543357
0.1114900 0.4759503
0.1111233 0.4975726
0.1107987 0.5191923
0.1104967 0.5408113
0.1101574 0.5624333
0.1097877 0.5840554
0.1094680 0.6056780
0.1091545 0.6272982
0.1088371 0.6489082
0.1085254 0.6705167
0.1081685 0.6921225
0.1076658 0.7136742
0.1071127 0.7352105
0.1065276 0.7566523
0.1058095 0.7777624
0.1051787 0.7986398
0.1045317 0.8195022
0.1054521 0.8392590
0.1102509 0.8571125
0.1150559 0.8749600
0.1198609 0.8928075

0.9569468 0.0820415
0.9341044 0.0804113
0.9112619 0.0787811
0.8883587 0.0772938
0.8651448 0.0768332
0.8418003 0.0770223
0.8184565 0.0772281
0.7950902 0.0772995
0.7717023 0.0772370
0.7483130 0.0771307
0.7249205 0.0769236
0.7015236 0.0768857
0.6781243 0.0768916
0.6547250 0.0768866
0.6313239 0.0767671
0.6079219 0.0766132
0.5845175 0.0764719
0.5611130 0.0762909
0.5377087 0.0760493
0.5143058 0.0758079
0.4909018 0.0755604
0.4674968 0.0753039
0.4440917 0.0750445
0.4206866 0.0748464
0.3972828 0.0746219
0.3738799 0.0743615
0.3504773 0.0741537
0.3270757 0.0739775
0.3036766 0.0737601
0.2802802 0.0735277
0.2568847 0.0733976
0.2334864 0.0733131
0.2100879 0.0732347
0.1866937 0.0730287
0.1633051 0.0726170
0.1399172 0.0722325
0.1168132 0.0710787
0.0947833 0.0669796
0.0728029 0.0627392
0.0508224 0.0584988

0.2754742 0.8731017
0.2761496 0.8547152
0.2768251 0.8363287
0.2775005 0.8179422
0.2781760 0.7995557
0.2788514 0.7811693
0.2795268 0.7627828
0.2802023 0.7443963
0.2808777 0.7260098
0.2815532 0.7076233
0.2822331 0.6892368
0.2829125 0.6708492
0.2835170 0.6524520
0.2839518 0.6340542
0.2842555 0.6156564
0.2844794 0.5972652
0.2846876 0.5788745
0.2848867 0.5604831
0.2850878 0.5420921
0.2852760 0.5237012
0.2854442 0.5053099
0.2856068 0.4869185
0.2857693 0.4685271
0.2859321 0.4501357
0.2861069 0.4317448
0.2862863 0.4133547
0.2864450 0.3949672
0.2868696 0.3766605
0.2872898 0.3583589
0.2877028 0.3400570
0.2881102 0.3217553
0.2885167 0.3034536
0.2889232 0.2851519
0.2893297 0.2668503
0.2897362 0.2485486
0.2901426 0.2302469
0.2905491 0.2119452
0.2909556 0.1936435
0.2913621 0.1753419
0.2917686 0.1570402

0.9559718 0.1225087
0.9337631 0.1216385
0.9115544 0.1207682
0.8886628 0.1202464
0.8650568 0.1200352
0.8414499 0.1198297
0.8178480 0.1195312
0.7942472 0.1190524
0.7706511 0.1185071
0.7470608 0.1179038
0.7234869 0.1171647
0.6999152 0.1164013
0.6763511 0.1158490
0.6527797 0.1154189
0.6292011 0.1151234
0.6056057 0.1150267
0.5820066 0.1149565
0.5583956 0.1148112
0.5347800 0.1146905
0.5111639 0.1146230
0.4875491 0.1145672
0.4639321 0.1144785
0.4403132 0.1143942
0.4166916 0.1142971
0.3930705 0.1141576
0.3694489 0.1139688
0.3458240 0.1136892
0.3221997 0.1133051
0.2985791 0.1128486
0.2749631 0.1122955
0.2513481 0.1117300
0.2277407 0.1111728
0.2041432 0.1106205
0.1805491 0.1101689
0.1569735 0.1099732
0.1334034 0.1098945
0.1098392 0.1097762
0.0866987 0.1073053
0.0638041 0.1036797
0.0409095 0.1000541

